42.73
41.57
100.00
39.69
27.52
50.00
0.00
100.00
100.00
10.40
58.64
27.53
59.32
55.03
0.00
45.30
55.03
37.99
50.00
22.37
0.00
15.85
27.52
15.97
100.00
58.76
0.00
15.97
37.13
19.36
50.00
30.57
2.66
15.97
39.43
68.16
100.00
100.00
77.88
100.00
51.70
100.00
33.17
37.71
28.05
0.00
15.62
100.00
73.68
100.00
34.67
0.00
0.00
50.31
59.46
34.57
100.00
100.00
66.87
70.11
6.27
21.36
54.75
22.87
100.00
12.44
100.00
100.00
47.63
35.19
55.03
68.04
100.00
100.00
47.10
100.00
56.23
27.52
59.46
100.00
21.44
36.12
100.00
27.52
100.00
100.00
17.76
0.00
0.00
5.67
8.01
100.00
100.00
44.54
7.81
59.46
17.97
100.00
20.88
6.57
53.75
100.00
0.00
44.48
15.97
100.00
100.00
39.76
90.36
100.00
35.53
100.00
23.50
31.02
56.30
35.36
100.00
32.47
8.52
100.00
55.03
100.00
62.53
50.00
17.75
54.07
15.62
100.00
19.72
32.82
100.00
0.00
0.00
100.00
13.80
0.00
8.12
52.02
0.00
100.00
27.52
15.97
0.00
13.91
57.80
0.00
23.53
55.03
67.53
35.36
15.24
28.11
9.65
64.14
3.01
0.00
100.00
87.42
0.00
100.00
27.52
50.00
44.63
34.67
0.00
0.00
5.42
100.00
100.00
100.00
31.95
100.00
100.00
0.00
50.00
50.00
45.18
34.67
25.85
100.00
24.25
0.00
100.00
59.46
100.00
100.00
100.00
75.98
100.00
81.87
39.76
0.00
20.87
19.00
50.00
0.00
98.72
4.77
18.46
100.00
0.00
100.00
40.64
100.00
100.00
10.68
17.32
50.00
17.75
0.00
100.00
12.39
0.00
0.00
0.00
60.95
0.00
53.73
100.00
18.92
100.00
26.27
30.21
0.00
0.00
100.00
22.96
51.57
0.00
42.89
32.47
50.00
17.75
0.00
50.00
100.00
47.45
9.63
24.18
14.54
8.12
44.57
72.13
0.00
84.09
48.52
5.19
34.67
66.87
100.00
50.00
100.00
33.09
96.82
39.76
100.00
100.00
61.48
19.72
53.73
30.65
64.35
77.72
100.00
36.23
50.00
0.00
54.60
25.85
66.87
0.00
64.48
15.05
100.00
66.17
66.87
30.90
6.25
50.00
100.00
100.00
100.00
27.78
84.65
100.00
75.98
100.00
11.04
100.00
7.61
50.00
100.00
47.27
14.99
100.00
100.00
11.34
100.00
100.00
19.00
34.67
17.97
14.26
100.00
30.92
78.25
0.00
65.80
0.00
100.00
19.72
31.82
39.29
96.24
100.00
35.49
100.00
17.97
8.05
80.91
8.12
0.00
50.00
8.51
37.99
6.57
59.46
15.97
100.00
100.00
0.00
8.52
32.40
36.91
29.56
90.05
1.80
50.00
0.00
8.12
25.85
0.00
64.50
100.00
80.91
0.00
30.29
24.60
75.98
0.00
6.88
0.00
0.00
0.00
100.00
100.00
100.00
100.00
100.00
0.00
2.02
67.87
100.00
50.00
100.00
0.00
100.00
0.00
100.00
100.00
51.70
0.00
15.28
0.00
28.98
50.81
100.00
60.65
71.78
17.02
41.11
24.45
0.00
15.21
50.00
53.88
10.68
100.00
23.64
0.00
59.46
50.00
21.36
0.00
100.00
13.46
0.00
50.00
44.12
30.33
78.61
17.06
50.00
25.16
39.43
86.33
51.70
60.65
100.00
5.99
0.00
57.61
50.00
81.97
28.25
4.03
80.32
100.00
50.29
19.11
0.00
0.00
28.25
3.71
100.00
18.39
2.82
9.78
34.67
27.52
0.00
45.14
100.00
55.03
100.00
56.22
17.12
70.71
100.00
100.00
100.00
50.00
100.00
35.36
100.00
80.65
0.00
46.77
33.84
100.00
47.28
30.61
72.90
19.36
48.33
74.26
21.51
41.11
68.11
100.00
100.00
19.00
40.37
32.34
100.00
37.99
100.00
49.72
100.00
54.11
30.33
100.00
0.00
12.05
0.00
0.00
49.01
0.00
45.14
100.00
0.00
46.20
0.00
2.91
36.79
1.34
59.46
2.33
50.81
15.97
14.18
31.70
6.57
100.00
15.62
50.00
42.08
0.00
21.36
0.00
68.53
50.00
50.00
89.32
50.04
23.04
54.73
32.47
43.01
100.00
14.54
0.00
23.15
46.71
42.73
31.56
0.00
55.03
100.00
33.15
0.00
65.80
36.79
100.00
23.36
48.96
70.17
66.87
100.00
17.61
61.02
76.12
100.00
35.14
5.80
100.00
46.71
34.17
3.07
100.00
100.00
12.22
23.18
52.03
0.00
43.55
100.00
73.32
14.06
66.87
100.00
50.00
64.75
27.52
31.95
28.16
59.46
35.36
34.19
27.61
45.14
0.00
36.79
19.72
29.65
0.00
24.84
32.76
100.00
100.00
0.00
9.84
61.63
0.00
100.00
39.76
100.00
66.87
0.00
100.00
73.42
0.00
59.46
0.00
100.00
11.82
33.79
100.00
0.00
20.79
36.79
0.00
100.00
25.39
0.81
100.00
50.00
30.71
41.11
100.00
0.00
30.06
55.03
7.84
50.00
67.53
27.52
27.49
100.00
9.08
8.69
55.03
60.48
11.04
6.29
100.00
17.75
37.99
5.20
55.03
27.52
100.00
100.00
65.80
11.03
55.03
63.16
53.82
15.62
27.52
34.67
72.77
20.25
0.00
100.00
100.00
19.16
32.68
17.54
50.00
0.00
50.00
0.00
31.01
38.93
40.83
92.89
100.00
55.03
21.97
100.00
50.00
59.46
12.93
0.00
50.00
66.87
30.74
79.94
6.97
55.84
27.52
16.59
64.32
50.00
7.53
50.00
23.64
31.95
25.21
100.00
14.54
66.87
7.90
50.81
35.69
0.00
0.00
0.00
26.30
100.00
100.00
0.00
76.70
18.39
43.47
100.00
61.53
50.00
16.22
27.52
64.32
77.88
27.52
45.02
13.13
50.00
0.00
0.00
50.00
100.00
50.00
0.00
100.00
100.00
61.48
53.08
17.36
66.06
0.00
100.00
27.52
27.52
27.52
26.78
19.00
17.03
15.97
82.60
0.00
37.99
35.49
61.05
60.65
41.37
0.00
23.71
39.76
50.89
100.00
10.68
0.00
100.00
42.89
100.00
100.00
0.00
75.98
100.00
12.70
48.80
100.00
1.86
74.26
23.64
27.52
55.03
0.00
27.52
45.88
19.36
39.76
40.66
39.55
100.00
7.27
100.00
27.52
50.36
17.97
100.00
0.00
12.70
42.85
46.55
30.74
85.55
55.03
0.00
83.94
8.64
36.79
50.00
75.39
13.13
0.00
100.00
100.00
81.87
42.73
39.68
22.30
0.00
24.84
82.13
0.00
22.57
12.25
0.00
0.00
75.98
23.36
9.37
24.80
0.00
19.00
24.88
59.46
100.00
20.77
20.41
14.92
27.05
60.65
6.57
100.00
23.64
100.00
14.54
8.12
58.57
18.01
100.00
5.75
100.00
66.87
10.68
0.00
30.21
100.00
100.00
0.00
16.05
9.65
19.30
10.46
0.00
0.00
28.25
82.99
50.37
20.80
45.79
0.00
15.21
0.00
16.38
36.62
33.37
20.82
0.00
16.23
0.00
0.00
50.00
100.00
100.00
66.87
0.00
16.06
55.03
100.00
0.00
85.02
100.00
0.00
100.00
27.33
23.74
50.00
20.25
100.00
15.85
30.21
0.00
100.00
85.79
19.00
31.95
45.05
100.00
11.39
23.64
10.68
66.87
31.18
28.99
14.13
27.52
14.42
0.00
50.00
59.46
100.00
100.00
84.92
66.87
59.00
100.00
1.41
15.11
100.00
66.87
0.00
50.00
27.27
0.00
100.00
100.00
65.03
100.00
39.76
20.20
75.98
66.87
100.00
50.45
37.99
31.40
94.57
18.22
0.00
36.18
49.86
74.21
15.07
50.00
0.00
34.67
27.52
35.87
6.34
59.46
20.80
15.97
59.46
9.12
100.00
29.66
49.88
100.00
14.92
100.00
100.00
27.52
41.11
17.97
86.33
10.68
38.26
0.00
93.06
100.00
100.00
9.44
100.00
39.43
12.98
30.21
0.00
0.00
30.21
0.00
100.00
36.79
0.00
100.00
100.00
100.00
11.00
30.21
21.02
0.00
100.00
100.00
55.03
7.50
8.17
31.14
27.90
69.98
12.70
35.36
32.47
6.50
58.88
100.00
17.78
100.00
13.74
100.00
15.97
55.03
84.09
0.00
25.41
0.00
50.00
10.23
100.00
8.12
59.46
24.70
0.00
17.97
78.25
30.33
100.00
31.95
100.00
72.90
0.00
27.52
0.00
29.85
0.00
86.33
93.73
26.20
100.00
0.00
100.00
61.30
0.00
39.08
17.62
31.22
15.97
100.00
39.76
100.00
53.73
88.01
48.33
100.00
8.85
12.42
100.00
9.29
79.64
31.95
27.52
50.00
28.57
24.45
86.33
55.03
56.08
24.88
34.67
31.95
100.00
50.00
0.00
65.48
15.62
100.00
0.00
0.00
15.21
4.34
14.52
48.47
100.00
8.12
1.54
50.00
41.29
31.24
51.87
100.00
100.00
7.81
100.00
100.00
8.13
50.00
34.57
0.00
36.17
50.00
66.87
100.00
100.00
0.00
16.90
0.00
48.11
0.00
100.00
6.92
14.06
0.00
0.50
70.14
27.52
39.76
55.03
5.37
23.61
36.43
50.81
95.34
0.05
80.52
59.69
0.00
100.00
100.00
55.03
0.00
50.00
28.90
19.72
55.03
50.00
75.91
5.68
61.54
100.00
54.91
15.97
80.91
0.00
43.43
73.49
27.52
47.38
80.91
23.68
11.02
27.52
58.77
66.87
39.76
39.43
24.47
80.91
0.00
27.52
27.52
100.00
36.79
0.00
53.17
0.00
24.66
100.00
13.13
0.00
1.40
0.00
36.00
13.13
12.11
0.00
100.00
100.00
8.26
4.20
75.98
32.35
14.45
100.00
0.00
12.70
91.22
100.00
100.00
100.00
17.78
39.76
59.46
100.00
0.00
0.00
0.31
100.00
39.76
100.00
0.00
88.01
100.00
50.00
19.00
31.06
100.00
2.05
100.00
100.00
30.37
28.69
0.00
50.00
100.00
50.00
0.00
30.21
100.00
10.68
8.75
13.29
50.00
100.00
50.00
100.00
40.90
100.00
100.00
43.37
6.27
15.21
36.95
59.69
0.00
100.00
43.47
0.00
15.27
19.43
65.81
75.06
100.00
35.06
70.71
0.00
0.00
100.00
75.98
8.37
100.00
21.36
0.00
10.40
55.03
50.86
100.00
36.79
0.00
100.00
72.90
39.43
26.43
0.00
35.36
38.20
27.40
59.46
31.95
36.31
34.33
20.15
15.97
0.00
22.09
16.23
63.46
16.83
49.33
55.03
7.54
37.99
42.36
19.72
64.21
100.00
100.00
22.09
59.39
15.97
49.68
11.04
34.09
43.44
61.02
21.20
0.00
41.80
54.11
17.75
26.78
22.99
17.97
100.00
100.00
39.76
62.40
18.00
100.00
31.75
19.07
0.00
0.00
0.00
84.28
15.97
88.01
38.85
2.78
27.52
52.66
59.88
0.00
4.07
30.13
0.00
80.91
0.00
0.00
75.98
100.00
72.72
100.00
100.00
19.64
43.59
15.97
8.55
100.00
42.73
15.97
30.33
53.73
27.48
100.00
27.41
100.00
0.00
40.34
6.59
100.00
100.00
0.00
55.03
23.15
100.00
100.00
43.33
100.00
78.25
32.47
22.42
64.32
5.40
100.00
7.49
13.89
18.39
82.42
27.52
41.88
0.00
1.97
3.23
20.90
26.01
67.87
24.11
27.05
0.00
70.71
18.58
2.56
37.44
100.00
24.45
68.64
10.68
0.00
100.00
38.26
22.32
26.00
0.00
27.52
43.47
8.64
0.00
100.00
100.00
88.91
42.73
0.00
3.66
86.33
32.17
5.52
100.00
84.09
4.84
5.87
13.96
27.52
76.60
100.00
100.00
100.00
0.00
91.93
12.22
0.00
0.00
13.57
31.97
37.80
50.00
22.88
26.98
100.00
100.00
100.00
100.00
50.00
14.23
60.80
30.21
100.00
8.12
50.00
75.06
100.00
37.99
100.00
50.00
70.71
50.00
100.00
66.87
36.79
0.00
80.91
10.92
22.78
21.36
59.46
22.61
20.25
57.96
68.04
100.00
80.91
82.14
30.60
100.00
16.23
100.00
100.00
100.00
66.87
83.94
19.72
20.66
50.00
8.75
50.93
47.38
100.00
100.00
100.00
42.03
100.00
93.82
100.00
0.00
21.36
48.36
39.69
100.00
4.27
0.00
14.36
35.36
50.00
84.32
2.42
29.85
20.68
100.00
0.00
86.56
64.35
100.00
0.00
63.00
21.51
13.68
29.85
35.36
0.00
34.67
100.00
42.73
100.00
50.00
29.82
50.00
17.37
24.27
34.98
50.00
46.71
0.00
100.00
8.30
100.00
100.00
49.48
27.52
59.46
100.00
100.00
100.00
11.52
100.00
50.00
0.00
100.00
27.52
100.00
100.00
0.00
8.52
91.93
49.76
93.51
11.83
100.00
41.72
0.00
55.03
19.72
72.93
100.00
100.00
50.00
76.12
43.17
100.00
20.25
10.68
27.50
41.09
59.46
0.00
9.54
27.52
45.84
100.00
100.00
27.52
55.03
12.22
100.00
45.59
33.35
15.97
37.99
100.00
0.00
31.95
41.11
6.57
35.36
100.00
50.00
25.44
27.25
13.07
100.00
100.00
5.67
26.27
27.52
47.90
21.05
61.48
50.00
100.00
100.00
45.54
100.00
0.00
30.71
55.03
26.30
66.87
63.16
31.31
89.32
21.36
34.67
36.01
14.92
7.43
4.87
16.78
50.00
75.98
50.00
100.00
100.00
24.84
0.00
10.68
54.52
64.05
15.97
7.81
31.95
0.00
38.26
0.00
100.00
0.00
37.68
100.00
22.80
0.00
0.00
39.76
50.00
34.71
34.67
6.74
39.28
100.00
21.74
16.52
19.51
10.68
0.00
50.00
53.30
100.00
76.12
50.00
29.97
0.00
50.00
62.98
55.03
27.52
64.35
69.97
50.00
0.00
54.60
46.28
6.57
100.00
22.20
50.00
48.39
29.81
100.00
0.27
76.12
66.73
0.00
100.00
61.48
100.00
45.14
100.00
8.12
34.67
0.00
0.00
61.05
26.22
24.74
65.31
41.72
0.00
0.00
54.63
4.92
70.14
27.52
59.69
11.45
50.00
100.00
100.00
8.59
100.00
100.00
100.00
25.97
21.02
5.80
27.52
36.79
27.52
14.58
30.33
55.03
20.56
43.97
0.00
32.16
100.00
61.05
4.90
65.80
55.03
100.00
42.73
100.00
51.00
50.00
100.00
100.00
80.03
100.00
0.00
100.00
100.00
31.27
0.00
30.33
39.44
49.86
48.33
46.65
15.97
100.00
43.47
100.00
84.15
0.00
55.03
14.92
60.41
100.00
30.21
91.08
0.00
100.00
75.98
100.00
19.00
100.00
50.00
7.69
59.54
0.00
4.21
100.00
100.00
100.00
48.89
81.87
70.48
0.00
0.00
27.50
41.11
55.03
39.76
100.00
50.00
25.85
20.25
100.00
59.69
72.46
38.31
2.15
60.65
0.00
12.96
42.24
77.49
11.53
22.93
31.24
100.00
100.00
0.00
29.85
68.04
21.36
77.78
1.99
47.15
27.52
100.00
27.52
100.00
73.15
0.00
31.91
57.61
0.00
61.63
55.03
50.00
28.62
1.98
100.00
63.16
100.00
10.60
34.67
23.64
27.52
0.00
34.90
40.47
0.00
11.74
100.00
0.00
21.36
37.30
9.87
64.32
14.95
100.00
8.49
32.17
100.00
62.40
84.09
10.82
0.00
0.00
60.65
0.00
62.40
11.71
100.00
100.00
100.00
100.00
23.11
15.97
14.26
14.34
42.46
100.00
100.00
100.00
72.15
35.36
100.00
100.00
41.72
12.44
40.33
100.00
39.76
100.00
21.62
14.06
100.00
24.26
0.00
100.00
57.89
21.36
30.74
0.00
9.11
100.00
29.42
34.69
17.80
100.00
30.62
5.38
0.00
23.46
100.00
20.21
50.00
50.00
51.50
24.62
0.00
24.45
35.36
30.33
7.72
31.95
100.00
15.97
36.56
50.00
0.00
100.00
50.00
100.00
0.00
100.00
80.50
100.00
29.01
0.00
0.00
100.00
50.00
20.61
27.52
51.15
0.00
73.49
68.16
13.33
100.00
64.16
20.13
27.52
100.00
20.77
0.00
100.00
100.00
0.00
59.46
100.00
0.00
13.13
10.38
66.87
58.12
0.00
61.32
50.00
0.00
80.91
100.00
0.00
0.00
100.00
100.00
27.52
58.88
45.93
0.00
45.94
100.00
44.68
7.27
0.00
13.67
7.96
55.03
39.43
35.36
3.89
0.00
29.98
29.81
14.95
13.91
68.65
0.00
0.00
65.15
88.01
46.71
14.76
8.17
100.00
70.71
18.20
29.07
30.16
35.56
30.03
100.00
8.66
88.95
39.55
18.57
50.00
100.00
34.67
100.00
59.46
100.00
32.00
18.18
32.77
35.39
0.00
0.00
100.00
100.00
50.00
57.82
0.00
21.36
0.00
59.46
30.74
29.59
78.61
30.21
19.00
100.00
92.49
34.67
41.11
0.00
33.64
100.00
9.99
