72.90
65.39
6.75
22.54
89.42
100.00
12.14
90.25
9.94
43.53
100.00
59.22
74.48
38.27
75.06
38.13
75.17
0.00
53.44
50.00
100.00
50.00
16.45
46.82
67.74
52.63
59.46
19.00
65.44
100.00
69.74
44.80
85.77
84.92
57.66
12.82
41.45
76.61
50.89
56.10
59.64
60.03
100.00
60.55
41.39
59.55
100.00
19.22
46.56
47.98
11.81
28.03
37.52
32.56
79.66
100.00
100.00
82.19
75.39
34.40
10.82
27.93
48.95
54.76
43.52
80.20
38.25
43.56
41.11
34.95
34.14
47.01
25.25
64.66
32.67
31.97
64.19
83.55
36.43
54.70
3.61
49.45
100.00
82.57
64.86
61.71
56.31
96.36
27.29
39.13
58.95
57.50
40.08
74.96
81.02
56.97
59.81
7.66
32.43
61.54
100.00
32.31
57.73
100.00
9.14
42.02
18.73
38.76
19.40
21.20
17.19
59.46
64.90
100.00
69.62
74.86
77.28
39.20
95.92
58.06
83.07
53.23
67.36
8.91
35.59
69.11
55.91
100.00
51.88
50.00
100.00
89.40
65.80
100.00
40.92
100.00
76.86
23.65
71.62
41.57
76.50
84.65
55.02
37.38
88.73
22.37
81.43
31.40
58.07
9.61
54.22
22.88
34.57
45.28
4.70
86.00
22.44
55.45
45.31
100.00
100.00
100.00
30.00
79.72
17.03
22.42
8.55
49.30
34.56
100.00
0.00
53.50
100.00
20.39
69.99
82.23
90.01
77.39
100.00
50.00
27.19
96.99
86.71
35.36
24.96
32.60
14.64
88.12
16.60
72.21
52.99
100.00
26.49
47.85
89.44
9.20
100.00
65.80
32.10
61.53
37.07
100.00
100.00
47.09
70.77
76.72
100.00
19.67
55.03
50.12
14.10
100.00
59.46
30.62
73.49
43.97
12.76
100.00
100.00
41.78
37.58
22.81
42.00
88.76
67.10
52.88
68.94
100.00
87.26
100.00
4.99
46.71
21.14
29.94
48.47
0.00
57.38
100.00
8.77
72.63
47.47
85.64
49.15
71.80
46.49
95.22
35.67
32.69
64.04
68.23
100.00
85.31
81.67
25.55
80.55
19.64
72.26
78.85
12.26
38.92
65.61
34.86
55.03
63.08
65.14
46.25
0.00
31.05
28.31
47.16
52.02
51.68
39.83
74.41
32.31
72.14
78.82
100.00
30.26
100.00
24.94
8.29
94.21
50.75
92.95
46.58
48.48
30.68
100.00
75.97
91.37
44.39
81.24
60.32
53.99
21.55
100.00
53.99
35.36
83.86
37.49
80.94
100.00
66.52
36.64
100.00
100.00
42.30
25.79
94.33
9.85
29.32
80.24
76.26
58.66
50.00
100.00
87.87
30.60
43.33
100.00
18.33
37.99
7.35
50.38
100.00
51.93
49.05
2.33
30.74
44.93
100.00
18.04
38.20
62.65
25.07
46.55
78.26
11.99
8.81
0.00
100.00
100.00
78.21
71.38
100.00
41.69
34.66
29.78
47.77
56.08
45.96
50.00
100.00
95.34
40.68
46.11
19.70
100.00
62.23
32.04
100.00
49.00
96.22
54.12
0.00
81.94
44.01
100.00
76.43
49.34
43.70
53.57
57.66
67.19
32.84
90.34
47.70
17.05
62.38
16.30
48.96
38.25
59.35
96.46
57.83
12.09
82.71
25.84
53.73
31.80
100.00
67.61
100.00
28.30
14.52
34.54
44.28
34.83
30.64
100.00
60.74
51.29
100.00
0.00
50.07
48.34
100.00
64.12
100.00
38.62
38.19
70.79
32.50
59.76
37.39
26.20
62.58
90.04
77.26
52.54
88.51
100.00
100.00
37.90
70.51
63.53
76.92
100.00
51.33
20.99
21.36
65.73
31.41
50.15
79.36
14.29
61.32
35.85
100.00
38.55
17.49
53.73
48.96
42.07
31.76
42.73
28.24
100.00
23.49
47.55
56.75
42.63
46.20
68.04
37.98
43.20
22.25
72.06
36.92
74.68
24.85
90.87
6.43
100.00
100.00
83.09
34.83
38.13
98.96
9.69
85.01
82.19
55.51
40.51
13.58
14.95
78.48
24.45
8.12
27.40
100.00
11.33
57.78
30.42
41.11
20.31
74.54
36.59
47.92
40.73
42.73
78.09
50.16
40.91
24.83
96.36
31.61
60.58
100.00
54.48
35.26
27.67
24.17
1.12
66.67
59.46
100.00
26.66
32.28
17.74
50.33
21.88
52.00
54.05
13.19
55.03
25.69
47.11
94.00
85.59
47.82
66.48
100.00
73.91
100.00
45.71
50.33
4.97
87.39
21.15
40.22
44.22
47.75
44.41
96.82
87.62
59.54
54.22
69.96
100.00
53.82
35.65
40.13
33.52
45.00
10.60
40.85
37.76
51.97
100.00
69.83
33.25
70.27
19.64
55.19
100.00
14.83
51.90
100.00
12.05
78.23
100.00
26.58
28.02
59.32
11.99
48.33
43.00
32.83
46.71
49.79
39.39
40.70
16.95
11.32
100.00
21.65
9.17
55.70
60.56
39.73
35.15
47.32
100.00
100.00
44.31
46.46
59.49
59.46
23.65
67.06
26.27
56.02
100.00
100.00
81.54
100.00
10.03
43.78
27.88
69.39
11.47
14.32
69.63
30.93
12.22
48.37
26.18
66.15
10.95
32.56
10.95
74.94
85.46
61.60
90.52
75.28
22.66
51.33
51.17
9.56
25.94
87.87
68.38
62.69
100.00
68.09
85.07
45.29
58.38
11.73
9.74
70.65
73.21
12.87
42.73
32.68
11.35
26.58
91.65
24.25
28.75
46.72
48.25
100.00
91.88
30.95
56.27
36.41
89.44
100.00
60.68
100.00
100.00
86.06
24.53
76.12
78.22
46.22
9.02
19.56
29.85
34.12
100.00
59.50
1.09
100.00
23.75
44.29
19.63
44.21
81.88
33.78
38.19
77.44
51.09
61.83
51.63
66.31
73.20
97.01
80.91
64.20
71.83
52.64
24.74
32.09
57.70
81.98
100.00
42.40
5.86
59.90
92.11
51.02
39.71
100.00
41.04
56.11
7.77
90.00
63.84
12.47
100.00
83.39
38.25
83.50
79.13
45.51
35.56
38.40
49.13
28.57
100.00
18.27
100.00
58.16
37.14
51.73
43.56
100.00
91.93
22.13
61.79
100.00
19.13
33.94
100.00
44.02
100.00
58.49
21.72
31.70
63.21
51.02
39.81
100.00
23.32
100.00
87.87
33.02
30.45
52.99
66.06
47.60
39.63
9.42
51.85
92.20
53.11
100.00
21.36
60.55
30.02
68.31
30.75
100.00
46.58
44.58
51.42
37.92
44.79
59.27
52.15
59.69
58.37
50.69
100.00
100.00
100.00
34.72
100.00
84.71
88.40
100.00
71.03
22.49
27.97
36.31
27.52
68.51
89.11
58.64
19.18
60.25
59.25
37.49
100.00
56.48
40.42
50.03
38.07
81.26
29.07
100.00
31.47
35.87
62.35
100.00
17.97
39.79
72.72
51.94
72.42
43.26
46.71
90.25
77.59
54.53
23.60
10.39
100.00
19.19
90.96
21.49
31.83
79.61
63.26
74.99
20.32
67.71
33.41
51.55
34.80
5.93
48.36
75.68
68.73
71.68
9.85
6.57
27.77
50.15
49.99
53.22
35.42
43.57
79.14
58.15
100.00
33.44
85.43
55.57
39.87
100.00
42.90
85.28
47.06
47.22
66.57
90.87
100.00
100.00
10.99
91.02
76.25
66.06
100.00
46.65
62.90
16.76
12.70
54.04
9.55
61.53
80.44
94.88
9.09
38.31
100.00
76.12
22.13
60.37
59.46
61.05
72.12
36.39
83.37
37.60
67.03
100.00
77.98
52.66
24.26
14.06
59.90
100.00
63.43
17.69
55.19
83.97
31.12
27.41
58.66
100.00
30.77
75.69
60.31
41.89
41.73
81.33
50.20
60.86
12.05
100.00
12.90
64.59
49.03
31.57
65.86
71.08
100.00
3.03
55.49
70.98
37.01
71.71
100.00
65.31
35.49
24.47
47.25
60.46
24.04
35.22
73.20
100.00
76.25
76.25
90.36
78.76
90.68
48.73
17.21
100.00
59.10
63.57
77.90
15.97
6.92
21.02
21.63
23.27
38.28
38.31
100.00
64.95
26.18
100.00
37.97
69.37
87.87
13.73
84.67
4.98
14.83
16.59
42.90
83.20
100.00
8.37
33.66
100.00
100.00
46.32
9.49
76.12
15.86
66.64
100.00
77.05
56.12
16.05
75.79
100.00
76.69
80.34
21.55
0.00
52.47
23.35
14.55
74.48
25.34
43.00
27.11
53.03
56.79
43.54
58.72
15.85
61.34
40.78
55.11
25.41
19.84
83.38
54.16
41.86
8.38
58.90
100.00
18.62
100.00
39.80
50.00
21.41
36.36
43.50
15.85
78.39
21.97
100.00
89.88
36.38
12.11
20.78
70.63
60.84
31.50
100.00
41.82
100.00
75.74
39.91
60.02
83.29
100.00
0.00
36.15
100.00
68.65
59.33
27.51
28.56
100.00
42.65
48.85
48.70
29.78
37.14
47.81
100.00
93.03
28.39
37.15
58.77
25.51
39.57
50.88
66.55
70.83
51.96
70.81
13.94
16.92
81.97
41.66
83.04
35.86
23.65
83.18
31.10
78.39
81.78
81.45
54.79
100.00
20.27
100.00
13.23
20.96
82.55
42.84
46.11
38.22
19.24
88.58
49.86
100.00
44.20
24.97
73.85
15.36
84.67
21.87
0.00
80.59
40.49
100.00
21.47
71.12
15.73
46.66
19.60
22.49
45.53
62.42
13.64
15.73
67.03
29.12
32.52
44.14
28.93
43.64
67.36
100.00
53.95
78.84
100.00
41.11
50.81
73.15
76.18
39.80
13.95
84.58
21.83
72.51
5.21
74.26
66.78
40.85
90.40
68.40
42.78
75.49
56.81
54.90
100.00
55.91
66.11
66.10
63.59
78.05
33.39
4.49
65.25
5.88
33.36
64.14
57.04
50.77
76.60
87.82
100.00
100.00
0.00
93.67
63.55
36.34
54.64
83.20
59.38
11.82
34.10
39.81
100.00
45.03
43.17
94.41
40.53
64.37
100.00
25.94
100.00
25.97
27.88
5.33
54.86
16.74
100.00
39.05
82.00
43.65
29.78
50.24
39.55
58.83
22.79
78.01
31.02
39.84
46.64
39.04
8.70
18.76
56.30
100.00
58.14
100.00
6.57
48.84
62.48
100.00
75.52
22.10
61.60
37.28
19.15
32.56
76.28
66.87
83.81
79.64
40.90
75.69
45.14
91.93
76.73
39.80
16.62
35.98
32.87
47.36
49.12
39.27
21.38
34.48
100.00
57.28
44.18
37.38
30.82
54.20
62.64
100.00
90.96
23.08
52.95
49.02
46.21
39.26
51.29
17.40
30.63
39.52
73.09
62.94
64.61
70.90
74.68
100.00
76.12
48.73
46.90
39.05
47.18
64.60
33.91
81.97
36.09
51.02
78.97
41.32
47.39
39.67
73.43
90.36
72.06
100.00
72.43
32.28
33.33
100.00
46.47
61.60
6.78
33.01
17.89
19.72
49.13
78.94
66.60
81.37
7.14
57.35
100.00
64.35
32.65
36.46
46.04
45.66
68.85
22.67
43.85
2.54
81.36
5.08
59.56
35.08
37.43
20.70
8.50
21.94
69.91
30.29
100.00
100.00
52.28
73.44
59.02
86.68
100.00
82.26
25.22
10.31
46.67
100.00
74.81
83.31
36.60
13.98
60.98
41.92
94.57
78.82
51.85
14.54
87.47
100.00
40.49
36.29
100.00
60.65
100.00
22.66
30.14
40.64
55.29
16.35
51.28
12.47
64.64
73.10
77.26
69.35
11.71
23.32
64.10
100.00
17.11
11.41
100.00
100.00
58.39
44.05
42.10
18.56
2.24
65.34
49.89
44.29
65.74
49.76
64.62
27.71
14.60
37.68
32.62
41.22
89.75
75.06
32.97
35.83
52.17
12.24
1.78
33.81
85.46
16.84
100.00
15.97
48.29
65.99
73.30
53.73
36.95
42.91
56.04
28.78
100.00
9.38
74.25
52.67
33.22
100.00
51.54
32.42
27.05
49.71
41.02
21.32
65.26
67.25
21.26
80.97
34.64
46.41
58.19
48.30
1.18
100.00
82.20
38.28
89.43
45.69
69.68
100.00
77.27
26.19
100.00
54.42
31.04
100.00
34.33
86.33
49.64
19.06
75.63
88.19
15.45
66.73
21.28
100.00
84.92
22.51
71.10
95.11
85.08
26.11
32.62
96.84
47.17
60.26
41.90
5.83
64.07
37.03
58.77
31.41
76.75
100.00
29.85
10.18
45.49
100.00
94.57
80.91
86.99
77.43
39.62
85.11
48.81
100.00
54.02
33.87
100.00
78.25
7.07
29.14
34.73
40.57
83.81
24.58
4.94
73.05
49.00
62.04
78.63
50.00
49.60
77.28
65.49
27.30
31.75
35.99
61.48
65.53
59.00
73.34
100.00
84.14
25.55
100.00
39.50
100.00
20.91
28.35
26.24
17.59
45.30
64.12
75.49
48.97
57.36
31.65
42.61
36.98
49.86
1.73
45.57
18.57
34.72
58.59
37.56
86.83
100.00
87.25
67.48
17.60
100.00
50.02
23.08
36.27
100.00
43.33
76.77
75.14
53.73
22.32
100.00
18.76
60.87
59.56
65.40
51.85
16.56
42.87
77.79
100.00
35.36
56.79
81.96
0.00
52.49
45.03
42.22
95.91
27.50
59.83
49.20
22.05
41.11
83.36
27.48
49.48
81.25
88.02
13.47
60.04
93.06
73.59
91.85
20.70
78.83
47.48
100.00
61.48
62.47
81.91
100.00
57.29
17.87
29.38
100.00
34.69
49.54
100.00
100.00
69.51
37.60
20.59
1.77
0.00
7.14
42.89
25.47
7.54
33.49
42.46
73.46
100.00
20.88
10.16
15.18
100.00
30.98
88.62
57.88
90.16
76.36
36.88
100.00
49.20
68.88
47.32
45.38
67.85
12.50
57.07
28.71
91.22
18.31
90.25
88.01
100.00
50.77
27.40
59.64
27.48
39.62
50.00
26.09
30.18
100.00
39.81
72.33
100.00
77.95
46.58
89.47
53.66
10.47
16.68
44.77
76.77
64.94
60.90
21.02
28.46
34.41
57.69
78.51
78.53
27.13
18.58
100.00
78.42
100.00
32.06
86.51
56.81
40.11
15.96
50.45
100.00
58.77
58.34
62.40
58.74
66.44
69.69
43.33
86.10
77.12
74.59
35.10
15.62
67.84
63.24
57.95
44.96
75.39
30.13
61.95
62.87
23.27
44.11
68.03
40.91
46.25
14.25
38.26
17.20
100.00
76.24
81.78
45.31
35.74
39.06
56.77
80.57
42.51
67.93
24.94
15.42
53.64
22.77
4.37
70.46
1.99
9.52
100.00
80.38
60.19
36.73
45.48
100.00
42.59
28.88
51.52
27.93
57.30
29.11
65.50
79.37
24.48
35.62
100.00
7.85
66.33
51.92
73.49
38.85
11.01
58.47
17.51
60.16
54.73
27.64
36.52
100.00
47.71
3.52
14.20
72.60
19.64
75.35
57.03
38.40
58.28
91.28
43.99
66.07
74.99
21.04
78.25
34.17
40.90
100.00
19.30
60.84
79.61
51.30
82.65
12.09
24.82
51.70
34.59
18.17
16.59
26.86
91.75
50.45
36.91
75.06
45.29
17.75
13.94
32.89
42.93
7.81
62.34
53.16
10.52
100.00
32.61
68.17
73.60
45.52
57.03
4.97
10.13
49.59
42.14
70.48
35.19
53.73
83.59
69.36
59.46
63.39
51.10
39.16
78.54
53.36
45.41
100.00
43.70
74.27
91.44
30.88
69.59
81.22
16.91
59.38
51.60
72.92
47.45
55.58
84.93
41.46
16.58
43.39
27.12
43.13
18.96
26.58
35.99
72.42
46.10
37.60
100.00
88.52
100.00
77.76
28.40
59.46
10.75
78.48
35.79
67.00
72.41
53.85
91.23
100.00
51.81
49.22
41.91
13.15
92.58
39.43
17.72
59.54
85.00
100.00
56.71
100.00
85.57
73.78
26.59
15.56
39.67
40.59
100.00
59.46
100.00
67.29
27.52
96.92
68.88
74.53
26.38
45.99
31.10
45.14
25.35
39.12
100.00
100.00
36.63
79.86
31.56
36.14
100.00
2.67
35.82
51.49
75.87
87.87
38.50
92.58
63.78
50.21
77.60
11.22
74.29
56.94
57.28
90.00
40.53
62.57
90.96
54.84
4.46
46.14
31.93
45.58
55.03
76.14
10.73
35.89
73.37
39.83
35.24
44.56
73.95
78.04
5.22
100.00
75.51
59.15
100.00
100.00
17.20
56.21
100.00
100.00
41.35
100.00
73.45
52.16
47.19
48.33
52.22
100.00
58.66
30.90
58.88
58.79
22.53
22.67
35.90
54.29
67.03
36.62
88.75
30.95
28.17
79.11
100.00
24.00
49.01
95.81
57.06
100.00
18.48
100.00
26.02
12.14
74.32
23.07
76.04
72.73
64.84
51.83
40.60
65.95
43.58
100.00
17.40
65.12
92.45
88.03
100.00
16.34
9.13
43.39
92.58
36.63
52.66
37.99
41.40
34.98
56.14
75.01
93.18
14.88
100.00
91.85
95.04
45.95
34.17
29.28
100.00
78.22
47.53
54.15
36.13
75.12
23.64
27.94
26.94
100.00
100.00
56.12
84.99
37.99
48.81
46.43
0.76
38.09
48.58
58.14
44.47
84.67
83.94
