67.39
12.77
50.99
52.62
100.00
0.79
26.65
70.24
100.00
38.69
50.34
96.61
11.95
55.70
44.93
53.77
100.00
100.00
58.78
5.42
50.78
39.94
4.17
59.83
19.07
47.09
2.62
44.63
59.21
13.97
0.01
100.00
100.00
32.39
100.00
0.00
100.00
46.24
86.56
57.96
38.26
44.47
73.50
57.20
73.17
44.29
4.99
100.00
89.67
29.98
100.00
65.76
0.00
10.68
10.50
37.03
22.15
43.01
78.25
100.00
2.46
31.18
100.00
100.00
100.00
15.21
69.97
100.00
27.53
0.00
53.53
0.00
74.26
42.73
100.00
52.29
100.00
26.10
0.00
100.00
1.42
4.81
0.00
4.51
62.66
81.54
100.00
0.00
48.71
25.55
33.57
11.73
50.32
23.49
37.66
92.54
13.13
100.00
0.00
29.97
100.00
0.00
80.07
93.34
43.17
83.07
100.00
0.00
100.00
10.90
31.17
72.14
31.15
63.06
38.68
100.00
81.02
27.71
21.92
59.46
40.94
100.00
24.08
12.73
70.61
100.00
80.71
4.18
70.71
100.00
0.00
15.09
14.92
100.00
4.26
88.08
74.26
0.00
100.00
33.00
56.10
29.12
83.71
100.00
46.25
100.00
0.00
48.35
3.49
16.52
80.38
42.12
61.15
100.00
100.00
89.32
46.56
14.32
26.52
84.24
85.91
71.65
28.57
63.16
65.80
68.17
28.53
100.00
34.31
12.57
100.00
85.94
64.32
64.99
100.00
29.98
100.00
20.56
32.38
23.71
59.35
83.52
35.91
63.16
100.00
13.26
67.93
35.09
0.00
27.53
54.85
41.16
2.71
46.71
37.99
65.10
14.25
30.45
15.96
100.00
15.97
64.29
80.60
100.00
43.27
53.59
0.00
28.60
46.26
21.59
50.00
100.00
41.87
1.90
52.05
3.22
26.99
19.30
60.04
77.78
54.91
11.04
24.87
100.00
59.32
16.86
14.92
16.68
50.00
9.04
100.00
3.41
67.03
0.00
12.30
100.00
100.00
100.00
3.74
100.00
100.00
48.44
40.36
37.17
20.61
7.70
100.00
78.36
34.79
1.98
59.46
0.00
100.00
89.32
38.09
25.21
35.76
74.17
80.91
20.56
16.81
27.52
60.79
31.95
51.26
0.00
23.10
22.09
16.76
17.55
39.33
32.38
31.37
22.96
28.37
100.00
0.00
20.16
100.00
10.83
88.66
47.55
74.08
65.58
0.00
47.77
100.00
0.00
100.00
33.49
100.00
35.02
4.20
36.79
61.28
53.47
100.00
26.26
34.00
52.12
49.50
84.24
100.00
100.00
48.96
0.00
15.46
16.52
100.00
12.96
48.20
6.74
0.00
50.00
67.87
15.01
40.44
52.90
41.11
44.18
100.00
100.00
1.11
9.86
61.02
3.98
0.00
72.42
84.09
22.87
2.37
14.78
22.90
44.26
35.36
100.00
75.98
100.00
17.19
0.00
27.65
100.00
86.06
30.33
0.00
13.44
30.88
36.54
0.07
100.00
100.00
85.79
1.43
4.55
21.72
100.00
45.70
55.03
78.25
60.25
50.86
1.79
3.69
100.00
100.00
100.00
84.65
100.00
13.46
32.93
56.42
50.00
85.42
100.00
46.97
20.10
41.96
0.23
42.73
100.00
55.03
100.00
5.12
48.63
90.92
4.64
3.88
100.00
59.69
100.00
100.00
49.25
100.00
100.00
54.30
100.00
100.00
2.22
46.10
100.00
49.01
100.00
100.00
6.93
0.00
80.91
46.31
100.00
55.03
71.65
29.19
100.00
55.00
41.11
28.10
89.73
17.92
57.01
21.55
4.24
0.00
57.85
90.92
0.00
3.71
100.00
100.00
34.55
56.83
3.45
23.04
20.59
51.31
27.54
20.61
96.97
4.89
100.00
7.79
3.04
75.06
6.50
21.48
93.11
27.20
100.00
66.39
100.00
0.00
62.22
54.70
32.38
37.20
51.35
78.25
100.00
15.64
17.49
46.64
31.10
8.64
37.57
88.01
80.91
14.93
100.00
100.00
73.80
28.50
100.00
10.89
74.19
11.04
39.36
2.30
100.00
63.84
100.00
25.21
20.90
100.00
6.97
0.00
36.82
0.14
1.73
100.00
77.31
33.99
0.00
36.37
0.83
100.00
100.00
29.39
100.00
58.13
100.00
100.00
100.00
55.03
88.38
70.40
0.00
71.38
97.52
0.00
69.98
15.23
62.09
33.47
100.00
44.26
14.50
10.75
0.00
11.80
18.58
43.80
74.66
68.30
28.01
100.00
65.97
100.00
100.00
41.07
100.00
100.00
32.47
5.08
16.17
50.65
22.12
22.09
40.12
43.79
42.31
89.16
75.26
23.71
67.87
100.00
34.13
100.00
61.15
50.00
100.00
24.71
100.00
33.06
45.91
20.58
51.88
100.00
61.62
54.22
0.00
100.00
79.58
100.00
93.06
42.61
93.06
26.48
34.11
63.30
100.00
100.00
36.79
2.58
26.52
76.36
69.01
40.52
13.17
52.54
100.00
100.00
49.74
75.12
46.25
58.77
50.39
100.00
88.44
51.19
100.00
20.14
4.97
39.70
16.73
8.14
54.32
100.00
74.19
60.97
72.42
0.00
67.90
41.01
7.72
40.82
32.26
100.00
100.00
24.01
100.00
70.14
4.50
39.18
100.00
37.34
30.74
3.72
70.77
100.00
3.10
100.00
38.83
6.71
100.00
57.29
0.00
42.09
29.48
0.00
100.00
70.09
100.00
67.08
78.45
81.87
96.49
100.00
40.16
100.00
100.00
100.00
54.44
100.00
74.30
31.09
17.97
15.01
61.30
100.00
40.13
100.00
57.41
61.00
100.00
66.87
69.16
2.84
1.04
70.17
29.38
100.00
2.39
68.12
14.85
36.71
0.00
13.05
0.00
100.00
0.00
13.53
43.56
61.30
27.88
1.09
21.66
60.65
69.80
20.81
0.48
19.56
58.21
68.07
44.65
33.86
63.59
100.00
88.01
40.05
20.02
85.07
18.36
100.00
45.91
36.42
27.88
100.00
40.26
1.81
29.06
38.10
71.65
53.22
67.46
51.42
44.18
30.26
36.46
7.01
74.89
86.56
29.85
0.00
100.00
55.80
50.00
0.00
2.74
100.00
68.59
35.95
42.01
100.00
75.07
27.52
63.89
59.00
76.12
4.94
70.71
15.97
8.91
6.02
100.00
24.29
14.26
27.05
6.31
100.00
100.00
63.16
29.28
58.06
38.58
75.52
59.69
100.00
5.30
100.00
50.00
5.57
100.00
23.13
37.41
100.00
19.32
0.02
0.04
67.39
100.00
22.45
9.10
100.00
59.46
56.83
50.00
61.83
40.88
15.35
80.77
47.90
0.00
100.00
100.00
3.52
51.65
44.37
13.33
51.70
63.62
100.00
0.00
26.24
84.92
56.96
25.60
9.65
6.08
100.00
27.69
0.00
55.23
0.00
54.75
80.55
34.88
6.39
79.41
43.01
5.48
0.98
41.08
100.00
29.97
35.49
76.26
8.32
4.77
0.00
41.07
75.06
100.00
10.22
95.64
100.00
64.10
29.49
27.90
100.00
43.01
55.92
61.94
80.03
26.52
2.42
55.03
28.58
1.65
50.81
35.36
77.44
66.94
58.23
100.00
87.25
100.00
66.68
7.56
66.87
34.67
70.63
100.00
4.88
95.11
53.69
100.00
30.83
59.06
8.91
72.49
31.82
6.57
100.00
71.26
0.00
92.60
100.00
52.68
74.19
67.03
77.84
0.00
82.42
5.77
64.32
79.50
1.46
5.53
40.35
100.00
34.57
11.04
100.00
51.84
89.32
10.68
17.24
68.94
0.00
0.00
81.19
38.75
91.31
7.45
30.74
45.83
27.98
6.96
47.91
43.46
0.00
40.24
100.00
0.05
11.88
48.89
100.00
12.02
27.99
100.00
80.55
26.27
53.48
10.68
29.99
7.68
100.00
25.43
100.00
5.06
52.51
34.10
34.57
37.71
62.94
19.61
18.82
59.46
89.32
30.66
72.65
17.73
43.02
14.92
44.29
100.00
61.56
43.01
34.67
60.68
4.13
61.38
27.53
81.62
9.39
10.91
88.25
30.21
55.03
0.00
90.21
47.69
100.00
92.60
55.34
4.99
66.29
13.42
32.47
0.00
7.11
100.00
30.05
55.81
31.54
63.42
60.91
5.52
30.74
100.00
31.02
11.81
9.43
5.06
50.00
1.35
100.00
4.77
6.60
10.31
60.86
19.00
44.64
44.81
46.09
0.00
100.00
100.00
90.25
16.49
77.88
12.35
74.26
30.41
100.00
52.52
95.67
1.34
0.00
15.21
100.00
73.50
89.48
6.57
31.31
76.60
45.31
100.00
61.15
72.25
42.73
61.26
40.96
77.07
17.89
71.65
15.73
25.58
100.00
55.94
15.12
100.00
100.00
31.06
100.00
31.40
8.30
26.65
81.87
43.34
0.00
88.01
86.06
100.00
100.00
59.37
2.55
40.00
83.94
3.63
91.22
53.99
11.49
35.85
3.29
93.96
100.00
51.67
0.00
100.00
0.00
80.32
100.00
21.90
100.00
73.40
25.67
100.00
71.73
100.00
51.69
40.44
65.67
58.20
51.00
57.99
100.00
100.00
82.82
100.00
63.85
100.00
19.34
28.09
21.36
0.32
88.37
26.46
100.00
16.23
28.62
55.03
22.87
30.35
0.00
38.99
76.12
4.94
14.39
27.30
80.53
21.65
56.26
55.03
100.00
74.87
100.00
100.00
61.58
45.08
2.36
65.14
2.28
16.05
84.28
27.38
2.57
6.15
44.83
39.38
15.62
100.00
28.19
24.71
61.05
43.67
59.46
10.89
0.00
0.23
4.04
42.79
89.48
41.11
44.88
31.26
37.29
68.89
15.86
10.68
4.20
33.23
37.99
67.03
50.09
100.00
41.11
33.48
100.00
100.00
21.36
100.00
100.00
100.00
51.15
0.00
19.07
80.32
78.86
46.84
73.63
14.62
100.00
84.09
100.00
67.75
17.16
19.21
100.00
80.20
75.42
57.31
44.13
100.00
27.65
100.00
100.00
1.62
61.34
52.64
40.37
23.80
5.04
72.63
53.88
100.00
94.77
50.03
100.00
100.00
32.90
51.00
26.28
19.56
50.00
29.17
100.00
40.86
0.00
100.00
69.51
94.85
46.60
67.41
66.06
100.00
23.86
64.35
71.81
46.86
86.33
3.50
25.90
51.89
66.95
34.11
73.32
65.80
81.49
39.28
70.71
21.22
55.03
35.42
100.00
100.00
93.32
53.17
34.36
86.68
70.71
34.23
1.91
18.71
76.77
75.98
4.62
100.00
81.52
19.08
0.00
54.84
100.00
85.22
100.00
5.55
65.80
12.09
79.36
57.61
71.65
29.35
22.27
100.00
35.36
100.00
91.08
0.00
73.49
32.47
100.00
29.10
100.00
55.03
19.51
100.00
57.20
100.00
29.06
73.85
51.80
32.61
100.00
59.88
13.65
100.00
51.45
15.48
10.68
64.18
54.01
50.00
2.41
17.45
100.00
72.24
30.33
69.65
66.00
15.62
42.73
45.79
93.19
36.88
100.00
46.85
46.05
10.57
18.18
35.49
100.00
51.35
31.76
61.63
51.34
0.70
52.66
91.93
37.07
13.22
13.89
85.59
100.00
48.49
100.00
62.33
9.65
36.74
2.57
100.00
0.00
0.00
100.00
7.32
100.00
27.44
100.00
14.53
26.20
84.65
25.95
26.49
35.27
16.52
84.43
46.16
18.63
55.17
15.72
77.98
100.00
5.52
24.19
2.03
92.00
60.76
86.36
0.01
3.46
94.20
100.00
39.32
49.81
100.00
14.21
16.23
23.89
100.00
0.00
25.70
71.60
11.66
71.09
61.48
0.24
24.88
7.50
12.42
42.57
61.80
100.00
100.00
26.01
17.29
81.28
100.00
27.57
35.49
100.00
37.99
34.57
58.14
0.00
100.00
100.00
27.74
55.03
1.72
59.46
41.39
85.79
61.85
27.88
0.00
0.00
100.00
0.00
59.69
77.95
7.84
0.00
1.48
5.68
0.00
60.26
95.46
87.87
22.46
38.98
35.48
72.42
26.66
6.80
13.19
100.00
65.50
19.00
67.83
0.00
100.00
100.00
3.23
100.00
8.12
100.00
100.00
82.82
0.00
100.00
29.09
23.63
88.53
65.15
58.52
69.23
40.15
34.54
2.05
100.00
57.19
100.00
100.00
0.00
36.79
0.28
70.29
0.00
17.04
100.00
10.60
4.99
55.03
16.59
100.00
44.15
0.00
38.56
95.29
35.48
54.66
13.99
52.16
75.06
3.52
81.15
100.00
7.96
70.17
100.00
59.54
7.25
40.13
27.53
73.49
5.86
13.26
50.10
100.00
73.58
0.00
54.18
0.00
80.32
57.44
28.53
29.30
61.48
88.25
44.44
45.87
68.88
45.14
35.55
54.63
100.00
26.56
59.16
72.93
13.95
65.77
100.00
4.77
100.00
50.00
0.00
21.38
100.00
23.50
16.59
47.63
100.00
17.24
0.00
45.38
100.00
2.91
100.00
82.32
27.76
53.28
43.98
72.00
49.95
42.96
33.40
41.83
47.27
9.45
64.82
9.50
53.52
22.03
30.59
100.00
12.33
48.52
3.56
43.11
50.00
42.25
41.63
100.00
33.99
41.61
100.00
62.23
61.53
49.06
63.73
37.41
100.00
48.62
39.01
77.26
41.79
53.19
100.00
38.17
60.65
25.19
35.73
32.47
100.00
0.00
32.91
36.42
100.00
67.61
0.00
32.80
28.49
63.22
100.00
100.00
100.00
100.00
83.94
66.38
80.05
54.88
100.00
20.18
0.89
36.79
100.00
90.39
25.07
100.00
54.52
30.21
30.59
80.71
50.81
56.29
30.30
50.95
87.02
33.44
93.11
84.96
37.72
100.00
62.86
100.00
73.06
5.88
37.30
100.00
57.46
50.00
24.85
55.65
0.00
58.03
0.00
100.00
72.08
70.17
41.09
6.57
100.00
100.00
100.00
57.05
31.50
64.86
65.01
92.00
15.55
49.89
19.13
95.34
30.77
50.00
60.87
39.52
100.00
9.31
100.00
65.74
100.00
80.82
67.03
8.21
2.84
2.84
76.95
94.26
100.00
10.46
62.67
10.55
100.00
11.21
70.71
32.47
54.75
10.69
49.36
100.00
100.00
41.50
100.00
28.32
100.00
54.34
100.00
65.01
45.79
61.64
0.00
44.71
70.14
31.99
9.65
0.00
71.18
100.00
100.00
36.16
16.32
68.75
0.00
33.14
26.82
72.90
85.21
60.29
14.95
0.93
38.83
27.52
46.45
50.00
0.00
100.00
67.72
100.00
100.00
51.12
24.45
12.70
100.00
19.00
100.00
51.10
57.69
100.00
100.00
14.50
39.12
100.00
17.11
46.31
70.86
50.37
100.00
14.03
68.59
100.00
36.68
44.00
40.41
100.00
32.47
36.60
53.90
36.89
61.01
29.20
1.52
80.03
42.77
18.89
48.89
75.22
9.53
100.00
17.39
65.80
42.73
100.00
100.00
5.87
50.57
0.09
100.00
19.72
53.67
7.14
1.56
65.67
47.59
50.78
42.31
100.00
45.24
23.64
33.87
18.93
49.53
60.65
81.61
22.64
74.44
100.00
100.00
0.00
100.00
53.81
0.00
25.97
20.97
100.00
24.84
62.63
100.00
100.00
69.30
100.00
55.03
5.12
27.87
29.16
100.00
100.00
100.00
41.38
100.00
62.22
44.71
70.97
7.26
66.87
100.00
100.00
14.76
89.12
0.00
100.00
24.03
36.68
11.97
45.01
100.00
37.31
100.00
22.37
100.00
100.00
0.00
100.00
50.05
30.58
0.00
54.09
39.11
54.38
70.16
23.97
29.37
76.12
100.00
9.05
91.65
68.65
100.00
30.95
71.85
58.21
36.43
76.12
2.53
48.37
16.14
3.39
24.22
0.00
7.81
19.30
76.12
52.81
0.00
12.98
100.00
39.28
2.48
8.30
69.85
46.31
100.00
80.52
0.39
31.42
25.14
100.00
49.89
24.72
50.00
33.67
37.49
68.23
100.00
69.98
34.54
4.71
73.49
55.21
59.46
69.89
12.55
75.98
48.96
7.67
58.28
100.00
45.31
11.36
76.12
0.00
15.85
27.53
80.32
49.39
100.00
40.00
100.00
44.84
72.25
100.00
81.76
70.71
56.81
21.36
100.00
64.50
54.18
57.47
100.00
0.81
35.09
100.00
48.45
58.06
0.00
100.00
100.00
44.99
60.36
53.73
38.85
59.69
11.13
100.00
0.00
100.00
41.11
7.50
81.87
32.50
5.52
1.89
81.72
60.61
20.11
63.85
0.00
4.34
64.49
66.87
71.08
31.24
100.00
36.32
100.00
0.83
19.86
16.92
60.77
100.00
39.83
100.00
8.53
49.45
3.36
44.73
100.00
31.05
39.67
67.04
100.00
40.28
12.53
100.00
59.56
53.08
100.00
75.45
24.87
100.00
8.56
100.00
100.00
100.00
100.00
36.56
81.55
71.43
100.00
37.84
100.00
80.03
27.68
17.67
100.00
1.51
57.48
19.77
100.00
100.00
39.63
3.47
2.15
39.72
100.00
8.60
11.79
78.25
16.03
87.98
19.21
0.64
45.54
59.69
0.00
80.39
93.94
44.53
86.33
80.91
14.54
47.30
100.00
5.67
100.00
75.37
100.00
100.00
73.48
28.32
76.26
100.00
100.00
100.00
100.00
44.53
10.60
26.61
54.13
74.90
43.43
100.00
