12.64
27.91
20.41
5.00
9.23
17.46
6.00
11.54
11.94
15.94
9.84
16.39
3.77
5.33
4.17
9.68
17.54
11.86
20.00
15.69
11.29
4.08
14.29
12.77
0.00
16.07
0.00
30.00
30.00
20.00
9.80
7.14
5.08
4.92
4.35
2.33
1.79
20.45
20.00
0.00
10.20
7.27
14.58
60.87
0.00
7.02
5.77
14.29
22.73
15.52
19.15
17.95
0.00
12.73
17.02
19.61
12.50
16.88
19.05
29.55
36.36
21.67
9.26
7.35
8.82
20.75
13.79
8.62
25.58
10.42
6.38
10.64
9.30
15.15
7.89
5.26
4.44
14.58
17.02
42.86
12.20
1.92
2.17
13.64
26.03
14.55
12.24
29.03
26.19
12.24
15.15
31.71
17.02
4.17
17.50
24.49
4.44
20.00
12.82
16.33
8.00
12.77
28.21
16.22
14.04
14.55
12.96
7.14
6.67
10.53
11.11
12.28
21.05
12.28
23.53
17.50
4.00
13.16
15.79
100.00
2.33
1.92
15.38
7.32
100.00
11.36
6.12
15.09
6.12
22.22
12.90
6.00
14.29
7.84
22.00
12.00
5.71
14.29
13.43
14.81
18.18
18.18
25.00
17.86
5.77
9.52
22.73
12.50
52.00
13.64
7.32
10.53
12.24
0.00
16.00
5.66
2.27
4.35
8.82
17.65
16.67
30.23
9.52
4.08
0.00
24.53
10.53
18.75
12.28
5.71
0.00
22.45
18.92
24.32
20.51
12.82
19.51
19.57
16.67
8.89
26.92
21.15
39.13
6.98
14.00
3.70
25.00
9.09
10.00
10.34
7.50
14.00
6.82
4.00
19.30
10.26
20.59
26.53
7.32
11.54
0.00
18.18
11.90
16.98
15.62
9.09
10.53
10.00
29.27
25.81
9.30
33.33
0.00
11.63
5.88
4.76
10.87
10.53
28.95
92.16
6.12
10.26
6.38
4.55
11.43
12.20
7.69
4.76
47.50
23.53
6.12
20.00
20.00
16.67
100.00
19.23
8.11
8.57
2.63
15.00
34.62
15.62
20.45
17.24
0.00
44.19
7.89
17.95
20.00
8.11
3.03
18.75
20.00
0.00
8.51
12.50
14.29
7.69
2.63
14.29
26.67
28.21
13.33
9.09
19.51
5.00
2.94
4.44
20.00
30.00
27.03
21.43
0.00
11.76
7.89
5.71
21.88
2.44
3.12
7.14
17.24
26.09
13.33
13.95
23.26
10.00
12.50
5.56
3.23
9.09
0.00
9.52
11.76
2.86
9.09
14.29
11.90
21.88
16.67
8.57
8.33
2.44
14.58
16.00
3.45
97.96
0.00
20.41
12.20
13.33
6.06
3.23
5.13
20.51
6.06
5.13
16.67
10.71
16.67
6.45
3.03
8.57
5.41
17.24
3.23
13.79
17.65
0.00
6.06
17.95
9.38
5.13
17.24
18.60
0.00
2.70
28.12
22.92
14.63
14.58
4.88
6.67
19.51
16.67
10.34
8.82
21.43
21.43
0.00
3.45
6.06
10.34
26.09
5.88
10.42
8.11
3.57
3.70
10.26
33.33
10.34
8.57
18.92
0.00
2.94
2.86
5.88
17.65
2.86
27.27
2.78
68.75
14.29
3.70
0.00
6.52
0.00
0.00
5.88
7.69
9.76
3.85
21.62
5.71
12.12
9.38
10.00
0.00
10.26
6.25
8.33
6.67
100.00
34.29
23.53
6.90
11.54
50.00
2.50
10.34
6.90
6.45
11.11
6.90
3.70
10.81
3.03
4.26
12.50
2.94
6.06
4.17
14.29
11.54
21.21
14.71
3.12
28.57
40.00
10.81
21.05
18.42
22.58
9.09
13.79
15.62
9.09
25.81
3.33
2.86
9.38
0.00
9.38
6.98
14.81
11.63
3.57
0.00
9.38
14.29
3.33
19.23
26.09
11.54
3.57
10.00
0.00
10.00
15.79
19.05
10.34
6.90
15.38
14.29
7.69
0.00
4.35
13.79
5.13
10.34
29.41
29.63
5.56
19.35
20.83
3.57
10.53
3.33
15.00
17.65
16.67
6.06
17.24
20.69
20.59
10.34
5.71
10.00
51.72
6.67
26.67
0.00
4.00
3.70
14.71
21.62
20.59
0.00
0.00
6.06
17.65
3.23
23.08
6.25
2.86
24.24
3.45
24.00
3.23
3.57
9.09
4.00
20.00
3.33
20.59
23.08
21.74
0.00
12.90
28.57
10.34
9.38
21.05
15.79
16.13
16.00
7.14
23.08
15.62
0.00
20.00
12.00
28.00
8.82
10.53
33.33
13.04
15.62
9.09
4.88
6.25
6.67
0.00
13.33
18.18
26.92
22.86
15.62
8.33
13.16
17.24
9.09
19.05
4.00
0.00
16.22
3.03
8.57
11.11
8.33
28.00
4.76
11.54
0.00
3.23
24.00
0.00
17.86
96.97
7.69
12.50
18.52
17.39
26.67
14.29
17.39
7.14
0.00
20.59
13.79
25.00
9.09
6.25
17.50
27.59
0.00
22.22
10.34
15.15
6.25
7.69
45.83
0.00
0.00
3.70
3.85
35.29
2.63
18.42
6.45
21.74
9.09
12.90
0.00
8.70
14.29
0.00
0.00
0.00
12.00
17.24
4.55
3.23
3.70
6.45
14.81
0.00
0.00
0.00
38.10
26.67
5.56
32.35
5.00
14.81
14.29
0.00
0.00
7.69
31.58
6.67
2.63
8.00
7.14
12.90
22.22
9.68
0.00
0.00
2.78
4.17
7.14
23.08
15.15
17.95
15.00
3.33
8.00
11.43
25.93
3.70
14.29
13.79
0.00
100.00
0.00
20.69
3.12
33.33
21.43
12.50
0.00
2.94
11.54
3.57
12.50
9.52
6.90
12.90
0.00
4.35
16.13
51.72
18.18
12.50
44.83
6.25
28.00
10.53
12.50
3.03
7.41
0.00
19.23
0.00
8.70
2.94
17.39
12.50
8.70
3.70
12.50
3.70
4.76
11.11
11.11
3.57
15.15
3.85
30.00
0.00
8.00
17.65
21.05
36.36
20.00
4.55
8.33
10.00
38.10
12.90
3.57
14.29
3.33
44.00
7.14
10.71
19.35
5.26
12.90
23.81
7.69
7.41
4.00
5.00
8.00
12.50
4.55
4.55
22.22
12.50
7.14
22.73
7.69
10.71
12.00
8.82
4.55
12.00
16.00
28.57
0.00
13.64
5.00
23.08
22.22
0.00
7.14
18.18
19.44
16.13
10.53
14.29
0.00
6.90
12.00
3.70
13.33
7.41
17.39
4.55
13.79
28.00
0.00
10.00
0.00
0.00
11.11
7.41
28.00
4.76
20.00
18.18
0.00
4.35
8.70
11.54
9.09
21.74
19.35
4.17
5.26
0.00
23.33
6.90
18.42
4.00
0.00
11.11
7.69
12.50
3.33
30.43
0.00
8.70
18.75
18.18
19.05
0.00
0.00
30.30
4.17
0.00
5.88
6.67
0.00
8.33
12.50
19.05
10.53
33.33
4.00
11.11
3.57
22.22
0.00
16.67
13.04
21.74
8.70
11.54
17.39
20.00
17.24
26.09
11.54
0.00
12.00
4.55
8.33
5.56
0.00
4.76
4.35
8.33
17.39
10.00
3.45
0.00
0.00
23.81
19.05
4.55
8.00
0.00
14.81
12.50
0.00
27.27
6.25
0.00
0.00
47.06
11.76
3.85
13.64
0.00
25.00
5.00
0.00
10.00
0.00
30.77
9.09
0.00
28.00
19.05
27.78
12.00
3.85
0.00
9.09
26.32
10.00
12.50
20.83
21.05
20.83
57.14
21.43
0.00
12.50
23.53
20.00
15.00
25.00
15.38
0.00
15.38
0.00
12.00
19.05
21.43
31.58
15.00
5.56
4.76
17.39
11.11
0.00
22.22
17.86
0.00
0.00
14.29
26.32
16.67
3.70
0.00
5.56
52.00
4.17
0.00
29.41
8.70
0.00
0.00
9.09
30.00
12.50
0.00
9.52
21.74
13.04
9.52
10.53
17.65
0.00
5.26
0.00
0.00
9.09
4.35
13.64
29.41
13.33
15.38
15.38
4.55
4.17
20.00
0.00
28.57
19.05
0.00
0.00
0.00
4.17
17.86
8.70
0.00
30.00
4.35
8.33
10.00
14.29
36.00
15.38
4.00
13.64
0.00
10.00
5.88
4.76
10.00
27.78
14.29
0.00
0.00
40.00
13.64
18.18
9.09
0.00
10.00
38.46
10.00
0.00
0.00
0.00
14.29
10.53
4.00
36.00
12.50
11.11
11.11
21.74
25.00
26.32
0.00
0.00
5.88
0.00
23.53
0.00
26.67
29.63
13.04
5.56
18.75
11.54
16.67
0.00
27.27
5.56
0.00
4.55
4.17
5.88
17.65
23.53
17.24
0.00
27.78
4.55
23.53
13.64
19.23
0.00
6.25
0.00
4.17
0.00
4.76
10.53
0.00
9.52
14.29
13.64
14.81
0.00
8.70
7.69
0.00
0.00
41.18
0.00
25.00
0.00
0.00
25.00
14.29
5.26
13.33
0.00
14.29
0.00
100.00
6.67
3.85
0.00
12.50
12.50
16.67
5.26
10.00
4.76
12.50
0.00
0.00
0.00
0.00
18.18
0.00
0.00
42.86
0.00
36.84
10.00
0.00
36.36
5.00
0.00
0.00
10.00
35.29
13.33
19.05
25.00
12.00
9.52
17.39
5.56
21.43
0.00
7.69
5.88
5.56
0.00
21.05
11.76
9.52
16.67
0.00
17.24
62.50
7.14
9.52
25.00
15.00
35.71
0.00
0.00
0.00
15.38
0.00
5.26
29.17
5.56
6.25
29.17
14.29
5.26
0.00
5.26
6.25
4.55
0.00
18.75
4.35
0.00
0.00
16.67
14.29
0.00
4.55
10.53
0.00
56.52
12.50
23.81
31.58
15.38
31.58
11.11
8.33
7.69
11.11
0.00
10.00
37.50
12.50
26.32
12.50
50.00
13.33
0.00
11.76
14.29
13.33
25.00
0.00
5.88
11.76
29.41
0.00
0.00
0.00
0.00
0.00
36.84
5.56
0.00
11.11
0.00
33.33
13.33
0.00
0.00
11.11
5.26
50.00
0.00
0.00
23.53
6.25
23.53
31.25
0.00
16.67
10.53
38.10
18.75
10.53
0.00
0.00
8.00
13.33
11.11
5.88
0.00
27.27
37.50
0.00
4.76
16.67
6.25
26.32
15.38
12.50
11.11
6.67
10.53
0.00
0.00
4.76
31.25
9.52
5.88
15.00
8.70
0.00
9.09
13.33
6.67
0.00
0.00
36.36
0.00
6.25
17.65
9.09
13.64
13.64
0.00
21.43
5.88
50.00
0.00
5.56
15.38
16.67
5.26
20.00
0.00
0.00
0.00
29.41
41.67
22.22
33.33
27.78
0.00
4.35
0.00
17.39
7.14
4.35
15.79
0.00
0.00
0.00
0.00
0.00
37.50
0.00
8.70
0.00
5.26
15.38
5.88
15.38
0.00
0.00
11.11
0.00
10.53
0.00
0.00
0.00
8.33
36.36
0.00
11.11
0.00
0.00
7.69
7.14
5.00
0.00
6.67
7.69
4.76
0.00
13.33
0.00
0.00
16.67
13.33
18.18
12.50
0.00
28.57
23.08
6.67
0.00
8.33
20.00
33.33
26.67
21.05
0.00
13.04
7.14
0.00
16.67
9.09
0.00
13.33
0.00
0.00
6.25
13.33
0.00
13.33
12.50
6.67
7.14
0.00
14.29
5.88
0.00
0.00
33.33
6.67
7.14
26.67
13.33
15.38
11.11
0.00
25.00
0.00
0.00
11.11
10.00
12.50
31.58
50.00
0.00
23.08
0.00
18.18
38.46
6.67
0.00
21.43
15.38
7.69
0.00
16.67
7.69
31.25
23.08
7.69
38.46
0.00
0.00
29.41
0.00
20.00
5.26
21.43
22.22
5.26
6.67
0.00
28.57
17.39
36.36
0.00
15.38
23.08
14.29
9.09
23.53
0.00
7.69
6.25
10.00
6.25
6.67
0.00
20.00
7.14
6.25
0.00
14.29
16.67
20.00
0.00
0.00
0.00
0.00
0.00
25.00
0.00
7.69
0.00
21.43
13.33
0.00
17.65
0.00
31.25
8.33
7.69
0.00
17.65
26.67
31.25
9.09
5.00
15.38
0.00
18.18
0.00
6.25
0.00
0.00
23.08
14.29
27.78
0.00
0.00
0.00
6.67
31.25
0.00
0.00
11.11
6.67
0.00
21.43
0.00
0.00
0.00
43.75
28.57
18.52
6.67
0.00
11.11
0.00
0.00
6.25
0.00
8.33
0.00
5.56
11.11
12.50
5.26
12.50
0.00
0.00
16.67
8.33
16.67
5.26
20.00
5.88
6.67
9.09
13.33
6.67
20.00
55.56
0.00
13.33
0.00
10.00
33.33
0.00
0.00
0.00
0.00
0.00
7.69
0.00
0.00
14.29
20.00
11.11
0.00
9.09
0.00
14.29
20.00
9.09
10.00
0.00
6.67
0.00
38.46
0.00
0.00
25.00
7.69
25.00
8.33
0.00
13.33
12.50
0.00
13.33
18.18
0.00
0.00
22.22
0.00
14.29
0.00
5.26
0.00
0.00
8.33
0.00
27.27
0.00
11.11
14.29
18.18
0.00
0.00
22.22
9.09
16.67
11.11
0.00
25.00
0.00
0.00
7.69
7.69
7.14
16.67
7.69
0.00
0.00
0.00
0.00
0.00
0.00
20.00
12.50
16.67
7.69
0.00
0.00
30.00
28.57
28.57
23.08
8.33
25.00
0.00
0.00
0.00
12.50
11.11
20.00
20.00
0.00
0.00
20.00
27.27
14.29
22.22
0.00
11.11
0.00
0.00
10.00
0.00
22.22
0.00
10.00
0.00
25.00
16.67
40.00
25.00
0.00
0.00
0.00
11.11
0.00
0.00
33.33
0.00
28.57
15.38
27.27
0.00
30.77
0.00
20.00
0.00
50.00
57.14
23.08
30.00
40.00
0.00
0.00
0.00
0.00
21.43
0.00
11.11
0.00
0.00
12.50
10.00
0.00
0.00
0.00
8.33
0.00
11.11
10.00
0.00
9.09
0.00
8.33
0.00
0.00
55.56
16.67
0.00
9.09
33.33
28.57
0.00
14.29
0.00
0.00
0.00
11.11
0.00
0.00
7.14
0.00
25.00
0.00
11.11
20.00
0.00
10.00
20.00
20.00
36.36
0.00
36.36
0.00
0.00
0.00
28.57
0.00
0.00
0.00
25.00
20.00
7.14
16.67
16.67
40.00
0.00
8.33
0.00
7.69
0.00
50.00
10.00
37.50
25.00
0.00
0.00
10.00
0.00
10.00
0.00
0.00
57.14
15.38
42.86
40.00
25.00
10.00
0.00
0.00
25.00
0.00
0.00
11.11
0.00
22.22
0.00
0.00
0.00
0.00
0.00
0.00
25.00
0.00
20.00
0.00
57.14
20.00
42.86
66.67
18.18
0.00
18.18
0.00
27.27
25.00
14.29
20.00
14.29
0.00
20.00
33.33
0.00
57.14
0.00
27.27
22.22
28.57
0.00
66.67
0.00
0.00
33.33
0.00
0.00
0.00
0.00
16.67
25.00
37.50
0.00
0.00
0.00
28.57
14.29
0.00
0.00
37.50
0.00
0.00
40.00
20.00
0.00
28.57
33.33
0.00
0.00
0.00
0.00
0.00
0.00
28.57
27.27
60.00
20.00
0.00
0.00
0.00
20.00
0.00
33.33
40.00
25.00
42.86
0.00
33.33
0.00
20.00
33.33
0.00
0.00
0.00
0.00
0.00
0.00
50.00
0.00
0.00
0.00
0.00
66.67
28.57
0.00
0.00
0.00
0.00
0.00
22.22
20.00
37.50
0.00
33.33
0.00
0.00
40.00
50.00
0.00
0.00
0.00
0.00
0.00
0.00
0.00
0.00
50.00
0.00
33.33
20.00
0.00
0.00
25.00
0.00
33.33
0.00
0.00
20.00
100.00
40.00
0.00
200.00
50.00
0.00
100.00
200.00
0.00
50.00
0.00
43.41
15.12
25.00
11.34
13.89
38.75
19.12
23.94
100.00
28.99
9.80
34.48
