13.79
17.44
16.33
5.00
9.23
15.87
16.00
7.69
11.94
18.84
6.56
14.75
3.77
5.33
4.17
8.06
17.54
8.47
16.67
11.76
11.29
6.12
8.93
14.89
2.27
17.86
4.00
30.00
22.00
18.18
17.65
7.14
10.17
6.56
6.52
2.33
0.00
11.36
10.00
3.17
14.29
10.91
10.42
54.35
0.00
12.28
3.85
9.52
22.73
20.69
17.02
17.95
0.00
10.91
17.02
19.61
12.50
16.88
19.05
20.45
32.73
18.33
9.26
8.82
8.82
22.64
13.79
8.62
16.28
8.33
6.38
10.64
13.95
16.67
7.89
15.79
8.89
27.08
100.00
35.71
14.63
1.92
6.52
11.36
27.40
12.73
10.20
16.13
21.43
12.24
12.12
26.83
14.89
4.17
15.00
24.49
13.33
20.00
12.82
18.37
14.00
10.64
25.64
16.22
12.28
10.91
9.26
4.76
6.67
10.53
16.67
15.79
18.42
15.79
23.53
20.00
4.00
13.16
15.79
100.00
2.33
1.92
15.38
12.20
100.00
13.64
4.08
11.32
6.12
22.22
11.29
6.00
19.05
7.84
12.00
100.00
5.71
14.29
10.45
14.81
18.18
18.18
21.88
14.29
5.77
9.52
25.00
12.50
50.00
18.18
9.76
5.26
24.49
0.00
12.00
9.43
2.27
6.52
8.82
15.69
16.67
23.26
4.76
4.08
0.00
24.53
10.53
9.38
8.77
2.86
2.17
20.41
21.62
24.32
17.95
12.82
19.51
19.57
14.29
8.89
9.62
13.46
32.61
6.98
14.00
3.70
31.25
9.09
12.50
17.24
10.00
10.00
9.09
4.00
28.07
10.26
17.65
24.49
4.88
9.62
4.26
15.15
14.29
24.53
15.62
9.09
10.53
6.67
29.27
25.81
13.95
23.33
0.00
18.60
2.94
9.52
15.22
13.16
31.58
29.41
12.24
10.26
4.26
2.27
8.57
12.20
7.69
4.76
30.00
26.47
4.08
17.50
17.50
12.96
100.00
15.38
8.11
11.43
13.16
12.50
34.62
6.25
18.18
20.69
0.00
27.91
2.63
10.26
100.00
10.81
3.03
100.00
17.14
2.33
8.51
12.50
14.29
5.13
5.26
12.24
24.44
23.08
20.00
100.00
21.95
12.50
0.00
2.22
14.29
16.67
24.32
17.86
0.00
11.76
7.89
5.71
25.00
2.44
3.12
7.14
24.14
30.43
13.33
18.60
18.60
23.33
10.00
2.78
6.45
9.09
1.96
14.29
11.76
2.86
3.03
10.71
11.90
28.12
8.33
8.57
8.33
4.88
8.33
8.00
10.34
100.00
3.33
18.37
7.32
13.33
12.12
9.68
10.26
15.38
6.06
5.13
16.67
14.29
16.67
3.23
3.03
8.57
8.11
20.69
3.23
10.34
11.76
5.71
6.06
17.95
6.25
5.13
20.69
16.28
5.88
2.70
28.12
25.00
12.20
18.75
4.88
6.67
19.51
25.00
6.90
20.59
21.43
21.43
2.63
0.00
9.09
10.34
17.39
5.88
8.33
2.70
3.57
0.00
15.38
24.24
10.34
11.43
27.03
0.00
2.94
2.86
17.65
17.65
2.86
27.27
5.56
62.50
11.43
7.41
0.00
17.39
0.00
16.67
2.94
7.69
9.76
3.85
21.62
5.71
6.06
9.38
10.00
12.50
10.26
6.25
8.33
3.33
54.29
28.57
23.53
3.45
11.54
39.29
2.50
10.34
6.90
9.68
11.11
6.90
3.70
8.11
3.03
4.26
12.50
2.94
6.06
4.17
19.05
15.38
21.21
14.71
3.12
23.81
30.00
10.81
26.32
15.79
16.13
9.09
13.79
18.75
9.09
25.81
3.33
8.57
12.50
3.85
9.38
4.65
11.11
11.63
0.00
0.00
12.50
14.29
0.00
19.23
21.74
30.77
0.00
10.00
0.00
13.33
10.53
16.67
10.34
13.79
15.38
19.05
0.00
0.00
8.70
10.34
10.26
10.34
23.53
22.22
5.56
16.13
20.83
3.57
10.53
3.33
12.50
14.71
22.22
9.09
10.34
20.69
20.59
10.34
5.71
6.67
37.93
6.67
26.67
0.00
4.00
7.41
17.65
21.62
17.65
4.76
0.00
24.24
14.71
6.45
15.38
3.12
2.86
24.24
3.45
24.00
6.45
3.57
3.03
4.00
20.00
3.33
17.65
53.85
17.39
0.00
9.68
25.71
13.79
6.25
15.79
15.79
19.35
4.00
7.14
20.51
18.75
0.00
16.00
16.00
16.00
2.94
5.26
9.52
13.04
15.62
12.12
4.88
3.12
6.67
8.33
10.00
15.15
19.23
8.57
21.88
8.33
21.05
17.24
13.64
19.05
8.00
0.00
16.22
0.00
8.57
11.11
0.00
28.00
4.76
7.69
3.57
0.00
4.00
16.00
25.00
96.97
3.85
8.33
18.52
17.39
10.00
7.14
17.39
3.57
6.67
17.65
13.79
21.88
4.55
3.12
100.00
27.59
0.00
18.52
6.90
27.27
25.00
7.69
37.50
0.00
0.00
14.81
3.85
29.41
2.63
23.68
6.45
17.39
9.09
16.13
0.00
4.35
17.86
0.00
0.00
8.70
24.00
10.34
4.55
3.23
0.00
0.00
14.81
10.53
0.00
0.00
23.81
23.33
8.33
29.41
5.00
14.81
10.71
3.70
12.50
7.69
36.84
10.00
2.63
4.00
3.57
9.68
14.81
9.68
0.00
0.00
5.56
4.17
3.57
15.38
12.12
20.51
20.00
3.33
8.00
11.43
25.93
7.41
14.29
13.79
0.00
100.00
0.00
17.24
3.12
9.09
21.43
18.75
5.26
2.94
23.08
7.14
12.50
9.52
3.45
16.13
0.00
4.35
16.13
24.14
18.18
20.83
24.14
9.38
32.00
10.53
12.50
3.03
7.41
0.00
15.38
0.00
8.70
2.94
8.70
15.62
17.39
18.52
15.62
3.70
9.52
11.11
11.11
3.57
12.12
3.85
30.00
5.00
4.00
11.76
36.84
36.36
13.33
4.55
8.33
10.00
28.57
22.58
25.00
14.29
10.00
44.00
3.57
7.14
16.13
5.26
12.90
4.76
7.69
7.41
8.00
0.00
8.00
12.50
4.55
9.09
22.22
16.67
10.71
22.73
7.69
10.71
8.00
8.82
4.55
12.00
20.00
19.05
0.00
18.18
5.00
20.51
11.11
0.00
7.14
18.18
19.44
19.35
5.26
11.43
0.00
6.90
12.00
3.70
13.33
3.70
21.74
9.09
17.24
16.00
0.00
0.00
0.00
0.00
11.11
18.52
16.00
0.00
30.00
18.18
0.00
8.70
8.70
15.38
9.09
17.39
12.90
0.00
5.26
7.69
20.00
10.34
18.42
20.00
0.00
11.11
3.85
12.50
3.33
26.09
0.00
8.70
18.75
4.55
14.29
12.00
0.00
30.30
4.17
0.00
5.88
6.67
0.00
4.17
12.50
33.33
10.53
27.78
8.00
11.11
3.57
22.22
0.00
16.67
13.04
21.74
13.04
11.54
8.70
15.00
13.79
34.78
11.54
0.00
12.00
4.55
8.33
5.56
0.00
4.76
8.70
12.50
21.74
15.00
3.45
0.00
0.00
14.29
19.05
0.00
12.00
0.00
14.81
18.75
3.45
22.73
6.25
0.00
0.00
35.29
17.65
3.85
13.64
0.00
30.00
15.00
5.26
15.00
0.00
15.38
9.09
0.00
20.00
19.05
33.33
12.00
0.00
4.76
13.64
26.32
5.00
0.00
20.83
21.05
25.00
50.00
14.29
0.00
18.75
17.65
20.00
25.00
4.17
15.38
0.00
15.38
5.56
12.00
23.81
28.57
21.05
15.00
5.56
4.76
17.39
5.56
4.76
18.52
21.43
0.00
4.76
9.52
10.53
26.67
3.70
8.70
5.56
44.00
4.17
20.00
17.65
13.04
0.00
0.00
9.09
20.00
12.50
0.00
14.29
26.09
4.35
14.29
10.53
17.65
0.00
5.26
0.00
4.76
9.09
4.35
13.64
23.53
13.33
15.38
15.38
4.55
4.17
6.67
0.00
28.57
9.52
0.00
0.00
0.00
4.17
21.43
8.70
0.00
45.00
8.70
12.50
15.00
19.05
32.00
15.38
4.00
13.64
0.00
10.00
11.76
9.52
5.00
22.22
14.29
0.00
0.00
33.33
9.09
22.73
9.09
0.00
15.00
42.31
10.00
0.00
0.00
0.00
19.05
31.58
4.00
40.00
8.33
11.11
11.11
26.09
25.00
15.79
0.00
0.00
0.00
0.00
23.53
6.67
26.67
29.63
17.39
5.56
12.50
11.54
16.67
0.00
18.18
5.56
0.00
4.55
4.17
5.88
17.65
17.65
17.24
9.09
27.78
4.55
23.53
18.18
19.23
0.00
6.25
0.00
4.17
0.00
4.76
10.53
0.00
9.52
14.29
13.64
14.81
0.00
8.70
7.69
5.56
0.00
29.41
0.00
25.00
0.00
5.00
33.33
14.29
5.26
6.67
0.00
14.29
0.00
100.00
6.67
3.85
0.00
12.50
6.25
16.67
5.26
25.00
4.76
12.50
0.00
0.00
0.00
0.00
31.82
0.00
16.67
14.29
0.00
31.58
15.00
0.00
31.82
5.00
0.00
0.00
15.00
35.29
13.33
14.29
20.00
12.00
14.29
17.39
5.56
14.29
0.00
7.69
0.00
5.56
0.00
15.79
0.00
23.81
16.67
4.76
13.79
31.25
28.57
9.52
12.50
15.00
21.43
7.69
0.00
0.00
15.38
5.00
5.26
25.00
5.56
6.25
25.00
14.29
0.00
0.00
5.26
6.25
4.55
0.00
12.50
4.35
0.00
0.00
16.67
7.14
0.00
13.64
5.26
0.00
60.87
12.50
100.00
31.58
15.38
31.58
11.11
8.33
7.69
11.11
0.00
10.00
18.75
12.50
26.32
12.50
42.86
6.67
0.00
11.76
14.29
13.33
8.33
0.00
5.88
11.76
23.53
0.00
0.00
5.00
0.00
0.00
36.84
5.56
0.00
22.22
10.53
40.00
6.67
0.00
0.00
11.11
5.26
50.00
0.00
0.00
23.53
12.50
29.41
31.25
6.67
8.33
10.53
28.57
18.75
10.53
6.25
0.00
8.00
6.67
16.67
5.88
0.00
31.82
37.50
0.00
0.00
27.78
0.00
26.32
15.38
12.50
0.00
13.33
10.53
0.00
0.00
4.76
31.25
4.76
5.88
10.00
30.43
0.00
18.18
13.33
0.00
12.50
15.38
27.27
0.00
6.25
17.65
9.09
13.64
22.73
0.00
28.57
5.88
50.00
0.00
5.56
15.38
16.67
5.26
20.00
0.00
0.00
7.14
23.53
50.00
11.11
23.81
22.22
0.00
4.35
0.00
17.39
7.14
4.35
10.53
7.14
0.00
0.00
0.00
10.00
37.50
7.14
8.70
6.67
5.26
23.08
5.88
15.38
0.00
5.56
11.11
0.00
10.53
5.88
0.00
0.00
0.00
36.36
0.00
11.11
6.25
0.00
7.69
14.29
10.00
0.00
20.00
0.00
4.76
6.25
6.67
0.00
0.00
16.67
6.67
18.18
12.50
0.00
21.43
23.08
6.67
0.00
8.33
10.00
33.33
40.00
26.32
0.00
13.04
14.29
0.00
8.33
9.09
25.00
13.33
0.00
0.00
6.25
13.33
0.00
13.33
6.25
13.33
7.14
0.00
7.14
0.00
0.00
8.33
33.33
6.67
14.29
13.33
13.33
7.69
11.11
0.00
12.50
0.00
0.00
11.11
10.00
6.25
31.58
35.71
0.00
23.08
0.00
18.18
30.77
13.33
0.00
14.29
23.08
7.69
0.00
16.67
7.69
37.50
23.08
7.69
23.08
0.00
0.00
17.65
0.00
13.33
0.00
14.29
22.22
0.00
0.00
0.00
28.57
17.39
36.36
6.25
15.38
23.08
7.14
9.09
11.76
5.88
7.69
6.25
10.00
6.25
20.00
0.00
10.00
21.43
6.25
0.00
14.29
16.67
10.00
0.00
0.00
0.00
0.00
0.00
18.75
7.14
7.69
0.00
21.43
13.33
0.00
17.65
0.00
25.00
8.33
7.69
0.00
11.76
6.67
25.00
9.09
0.00
15.38
0.00
36.36
12.50
6.25
0.00
0.00
23.08
14.29
27.78
0.00
22.22
0.00
13.33
31.25
0.00
0.00
11.11
13.33
6.25
21.43
0.00
0.00
0.00
43.75
28.57
14.81
6.67
0.00
11.11
15.38
0.00
6.25
0.00
8.33
0.00
5.56
33.33
6.25
5.26
6.25
0.00
7.14
16.67
0.00
8.33
5.26
20.00
0.00
6.67
9.09
13.33
6.67
26.67
55.56
0.00
13.33
0.00
10.00
33.33
0.00
7.69
0.00
0.00
0.00
7.69
0.00
0.00
14.29
20.00
0.00
0.00
9.09
0.00
14.29
20.00
9.09
10.00
0.00
20.00
0.00
23.08
0.00
0.00
16.67
15.38
16.67
16.67
0.00
13.33
18.75
0.00
20.00
0.00
0.00
0.00
11.11
0.00
14.29
0.00
15.79
0.00
0.00
8.33
0.00
27.27
0.00
0.00
14.29
18.18
0.00
0.00
22.22
27.27
16.67
11.11
0.00
25.00
0.00
0.00
7.69
7.69
7.14
33.33
7.69
0.00
0.00
0.00
15.38
0.00
0.00
20.00
12.50
16.67
7.69
0.00
0.00
30.00
28.57
21.43
15.38
8.33
25.00
0.00
0.00
0.00
6.25
11.11
20.00
20.00
12.50
0.00
20.00
27.27
0.00
22.22
22.22
11.11
0.00
0.00
10.00
0.00
22.22
0.00
10.00
0.00
16.67
16.67
20.00
12.50
0.00
0.00
12.50
0.00
0.00
0.00
25.00
0.00
28.57
15.38
27.27
0.00
23.08
0.00
10.00
10.00
50.00
57.14
23.08
40.00
20.00
0.00
0.00
0.00
20.00
21.43
0.00
11.11
0.00
0.00
25.00
0.00
0.00
0.00
0.00
8.33
0.00
11.11
10.00
0.00
9.09
0.00
8.33
0.00
0.00
44.44
8.33
0.00
9.09
22.22
28.57
27.27
14.29
0.00
0.00
0.00
11.11
0.00
7.14
7.14
0.00
12.50
0.00
11.11
20.00
0.00
10.00
100.00
20.00
36.36
0.00
36.36
0.00
0.00
0.00
14.29
0.00
0.00
0.00
25.00
20.00
7.14
16.67
16.67
20.00
0.00
0.00
0.00
0.00
0.00
33.33
10.00
37.50
12.50
14.29
0.00
0.00
0.00
10.00
0.00
0.00
71.43
15.38
57.14
30.00
25.00
10.00
0.00
0.00
12.50
0.00
0.00
22.22
0.00
22.22
0.00
0.00
0.00
0.00
11.11
0.00
25.00
0.00
20.00
0.00
28.57
20.00
28.57
33.33
18.18
0.00
18.18
0.00
18.18
25.00
14.29
20.00
14.29
0.00
20.00
33.33
0.00
42.86
0.00
27.27
44.44
14.29
0.00
66.67
0.00
25.00
33.33
14.29
40.00
0.00
0.00
16.67
25.00
25.00
0.00
0.00
0.00
28.57
14.29
0.00
0.00
37.50
0.00
0.00
40.00
20.00
33.33
28.57
33.33
0.00
0.00
0.00
0.00
0.00
0.00
28.57
45.45
40.00
20.00
0.00
20.00
12.50
20.00
0.00
16.67
20.00
0.00
42.86
0.00
0.00
0.00
0.00
33.33
0.00
0.00
0.00
0.00
40.00
0.00
33.33
27.27
0.00
0.00
0.00
33.33
28.57
0.00
0.00
0.00
0.00
0.00
33.33
20.00
37.50
0.00
33.33
0.00
0.00
40.00
50.00
0.00
0.00
0.00
0.00
0.00
25.00
0.00
0.00
50.00
0.00
16.67
20.00
0.00
50.00
25.00
0.00
33.33
0.00
0.00
20.00
0.00
40.00
0.00
200.00
50.00
40.00
100.00
200.00
0.00
50.00
50.00
33.52
19.77
16.07
14.43
13.89
30.00
16.18
21.13
100.00
14.49
9.80
33.33
