2.44
7.41
2.53
1.32
2.90
0.00
5.19
9.09
0.00
9.52
5.80
0.00
7.94
12.50
4.55
4.76
0.00
4.92
1.56
3.92
3.64
3.45
1.32
3.70
9.09
1.72
1.92
8.77
1.64
10.87
0.00
0.00
6.90
0.00
4.88
9.80
5.17
8.33
8.70
9.80
5.71
5.26
15.25
17.39
10.00
0.00
0.00
3.70
0.00
0.00
5.08
3.28
0.00
7.81
6.25
8.70
0.00
0.00
0.00
6.38
13.16
4.65
0.00
1.56
0.00
5.77
5.26
0.00
0.00
2.38
2.33
13.95
14.89
0.00
11.11
13.73
4.55
8.51
7.14
4.26
2.27
2.04
0.00
3.92
2.44
0.00
10.00
0.00
2.17
2.94
12.82
7.69
4.84
2.63
0.00
1.82
1.89
2.56
0.00
2.38
2.56
2.63
4.44
2.50
0.00
2.04
12.50
0.00
0.00
2.17
5.45
0.00
2.63
0.00
6.98
2.94
0.00
0.00
4.55
4.26
2.13
0.00
4.76
12.90
1.89
4.08
0.00
16.67
2.17
2.50
0.00
0.00
0.00
2.94
1.92
9.38
4.76
8.16
17.14
0.00
9.09
0.00
7.14
2.22
0.00
7.69
6.78
9.38
8.77
0.00
8.00
0.00
6.38
3.85
3.51
4.65
2.56
0.00
2.63
4.65
0.00
5.26
3.12
0.00
0.00
0.00
2.22
4.08
11.11
4.76
3.03
5.71
2.00
0.00
0.00
0.00
2.56
2.56
4.76
0.00
0.00
0.00
15.38
6.67
2.70
8.33
0.00
9.52
4.76
7.89
6.67
1.85
0.00
5.56
5.00
4.88
7.14
17.14
0.00
0.00
0.00
3.03
0.00
2.00
0.00
0.00
0.00
2.78
0.00
0.00
2.22
0.00
0.00
3.23
0.00
2.94
0.00
2.38
2.94
2.63
0.00
2.17
0.00
9.68
12.50
0.00
12.12
0.00
19.35
5.13
0.00
9.68
6.90
5.77
0.00
15.15
10.71
0.00
4.65
0.00
0.00
2.94
0.00
2.78
7.14
0.00
5.13
0.00
2.86
2.78
2.86
18.52
7.50
7.14
6.25
2.70
0.00
2.44
0.00
0.00
0.00
13.64
0.00
7.50
7.14
3.23
2.78
8.82
0.00
0.00
0.00
9.38
0.00
5.13
4.88
6.45
0.00
0.00
0.00
8.33
0.00
8.11
11.76
6.12
14.71
4.88
0.00
2.86
0.00
2.50
6.25
3.57
0.00
0.00
3.57
2.13
0.00
3.12
3.23
3.57
0.00
6.25
0.00
0.00
5.26
6.25
3.12
0.00
0.00
2.70
2.63
7.32
0.00
15.62
0.00
0.00
0.00
4.55
0.00
2.63
3.23
17.86
4.88
8.70
2.94
2.44
6.45
5.71
10.00
0.00
0.00
15.38
0.00
0.00
0.00
0.00
0.00
9.09
9.09
0.00
3.03
12.90
0.00
0.00
2.78
6.45
0.00
10.53
0.00
3.33
0.00
2.94
3.12
14.29
4.17
0.00
0.00
10.34
0.00
0.00
8.33
0.00
18.18
0.00
0.00
0.00
2.50
2.50
0.00
0.00
7.69
0.00
4.88
0.00
0.00
3.45
3.85
10.34
2.63
8.70
0.00
0.00
0.00
0.00
6.90
0.00
0.00
0.00
21.74
3.85
0.00
0.00
0.00
3.70
3.23
0.00
5.88
0.00
0.00
5.00
0.00
12.00
14.81
34.78
10.53
3.33
0.00
6.67
8.33
3.70
0.00
4.17
0.00
15.38
0.00
3.85
4.17
7.69
13.64
3.45
18.18
0.00
10.53
0.00
0.00
0.00
0.00
0.00
6.45
0.00
0.00
0.00
0.00
8.33
0.00
18.52
0.00
2.38
0.00
0.00
0.00
11.76
6.67
3.85
0.00
0.00
0.00
0.00
7.69
0.00
9.38
0.00
0.00
9.09
0.00
5.88
0.00
0.00
0.00
0.00
0.00
0.00
3.45
0.00
3.33
4.00
4.00
0.00
3.70
4.00
3.57
4.17
0.00
3.85
0.00
3.12
4.35
4.35
4.88
0.00
3.12
3.70
4.35
16.00
0.00
0.00
9.52
0.00
0.00
0.00
0.00
3.12
13.64
0.00
0.00
4.17
15.79
7.14
3.45
20.00
15.38
0.00
5.71
28.00
37.50
3.23
0.00
0.00
11.11
5.88
3.57
0.00
0.00
25.00
0.00
7.14
3.57
3.57
0.00
5.88
7.41
30.00
2.70
3.23
0.00
0.00
0.00
0.00
4.35
0.00
8.33
0.00
4.76
0.00
0.00
3.45
10.71
0.00
0.00
3.85
6.67
7.14
0.00
3.12
20.83
0.00
0.00
0.00
0.00
0.00
3.70
0.00
0.00
11.54
0.00
0.00
4.17
3.85
0.00
0.00
0.00
0.00
0.00
6.06
19.05
54.17
4.35
14.81
0.00
0.00
0.00
20.00
16.67
0.00
0.00
0.00
0.00
0.00
0.00
8.33
16.67
8.70
4.00
3.85
0.00
3.45
4.17
0.00
5.26
0.00
8.70
0.00
18.18
10.00
0.00
18.18
7.14
4.35
9.09
9.09
0.00
5.56
8.70
9.52
0.00
4.55
0.00
0.00
6.67
0.00
0.00
0.00
0.00
0.00
0.00
6.67
5.26
7.41
8.00
0.00
8.70
8.33
0.00
3.12
4.00
0.00
4.76
5.26
3.57
0.00
0.00
7.41
0.00
0.00
0.00
0.00
3.23
4.55
4.35
0.00
0.00
0.00
0.00
17.24
5.26
10.00
0.00
0.00
0.00
8.33
8.70
7.69
0.00
0.00
16.67
0.00
12.00
0.00
3.33
6.25
8.00
3.70
20.00
3.12
0.00
15.79
0.00
0.00
3.45
15.79
7.69
4.35
0.00
0.00
0.00
5.00
3.23
12.50
0.00
20.83
5.88
0.00
36.84
0.00
0.00
0.00
9.52
0.00
5.00
4.35
0.00
13.33
0.00
8.00
7.14
18.75
9.09
0.00
3.23
0.00
0.00
0.00
0.00
0.00
7.41
4.17
0.00
0.00
16.67
10.00
0.00
0.00
12.50
0.00
0.00
4.00
0.00
39.13
0.00
4.00
10.53
0.00
2.94
3.85
0.00
0.00
4.76
4.35
6.25
0.00
0.00
12.50
0.00
3.85
5.00
0.00
14.29
4.55
18.18
0.00
14.29
0.00
9.09
5.26
0.00
4.17
0.00
3.57
0.00
6.25
0.00
8.00
6.67
0.00
0.00
0.00
6.67
4.76
5.26
31.25
0.00
0.00
4.35
0.00
3.85
7.41
15.00
0.00
3.85
0.00
0.00
4.17
0.00
12.50
5.00
0.00
5.56
0.00
0.00
29.63
9.09
0.00
20.00
0.00
0.00
3.45
0.00
5.00
0.00
9.52
4.17
0.00
0.00
45.45
4.00
0.00
3.12
0.00
0.00
6.25
4.35
9.52
5.26
0.00
4.00
4.55
0.00
0.00
3.85
4.35
10.00
0.00
0.00
13.33
0.00
0.00
0.00
0.00
0.00
27.27
0.00
7.69
3.85
0.00
3.85
0.00
0.00
0.00
16.00
0.00
9.09
8.70
8.70
0.00
4.76
0.00
7.14
7.69
0.00
0.00
0.00
23.81
6.25
7.69
0.00
0.00
6.67
0.00
21.05
0.00
0.00
4.35
11.76
5.26
4.35
4.17
0.00
0.00
0.00
3.45
0.00
8.00
17.39
0.00
12.00
0.00
6.25
0.00
10.53
0.00
0.00
8.00
0.00
0.00
5.56
7.41
0.00
6.25
0.00
4.00
47.37
4.17
5.88
0.00
9.52
5.56
0.00
0.00
0.00
5.56
0.00
0.00
7.14
5.00
5.00
0.00
0.00
0.00
0.00
0.00
0.00
0.00
10.00
5.00
0.00
0.00
0.00
0.00
0.00
0.00
0.00
10.53
0.00
0.00
0.00
12.50
0.00
5.56
0.00
0.00
6.67
0.00
4.76
9.52
11.76
5.56
0.00
0.00
4.00
0.00
0.00
0.00
4.35
8.70
8.33
0.00
0.00
11.11
12.50
0.00
0.00
5.56
0.00
7.14
4.76
20.00
0.00
0.00
5.00
4.76
0.00
5.00
0.00
8.33
0.00
15.79
14.29
0.00
9.52
0.00
0.00
12.50
0.00
5.26
0.00
0.00
0.00
0.00
0.00
6.67
0.00
0.00
0.00
0.00
5.26
0.00
18.75
0.00
0.00
0.00
11.11
8.33
0.00
20.00
11.11
0.00
0.00
15.00
0.00
0.00
4.55
0.00
0.00
7.14
0.00
0.00
0.00
0.00
5.88
15.38
5.88
0.00
7.69
0.00
0.00
0.00
10.53
0.00
8.70
6.25
15.38
0.00
15.38
27.27
0.00
18.75
13.64
0.00
7.14
6.67
0.00
0.00
10.53
0.00
0.00
0.00
8.33
0.00
0.00
4.76
0.00
0.00
0.00
0.00
11.76
0.00
15.00
0.00
0.00
15.00
7.41
9.52
0.00
0.00
0.00
0.00
5.88
11.11
11.11
0.00
0.00
0.00
0.00
11.11
4.35
4.17
0.00
0.00
5.00
4.76
0.00
0.00
22.73
10.00
0.00
0.00
0.00
10.00
8.33
0.00
0.00
10.53
10.00
5.88
0.00
0.00
4.35
0.00
8.70
5.00
0.00
0.00
5.26
0.00
20.00
0.00
8.70
0.00
5.26
7.69
0.00
0.00
0.00
0.00
7.69
0.00
18.75
12.50
0.00
7.14
0.00
11.76
0.00
0.00
26.67
0.00
11.11
0.00
0.00
0.00
5.00
0.00
0.00
5.00
0.00
0.00
0.00
0.00
0.00
0.00
4.00
31.25
8.70
0.00
0.00
0.00
6.67
0.00
0.00
0.00
0.00
0.00
0.00
0.00
6.25
7.69
5.56
26.67
0.00
0.00
16.67
0.00
9.52
0.00
0.00
0.00
0.00
18.75
5.00
0.00
0.00
0.00
6.67
0.00
6.67
21.05
0.00
0.00
0.00
0.00
0.00
0.00
11.76
5.88
13.33
16.67
5.26
23.08
0.00
10.53
0.00
4.76
0.00
0.00
6.25
0.00
0.00
6.25
15.00
0.00
11.11
0.00
9.52
0.00
0.00
0.00
0.00
0.00
18.18
4.55
0.00
20.00
0.00
5.26
12.50
14.29
0.00
6.25
10.00
9.52
4.76
0.00
7.14
0.00
0.00
13.33
0.00
10.53
35.29
5.00
0.00
0.00
0.00
0.00
6.67
0.00
21.43
5.88
8.70
0.00
0.00
5.00
8.33
6.67
0.00
0.00
10.00
5.26
14.29
11.76
0.00
0.00
0.00
0.00
14.29
0.00
0.00
17.65
0.00
0.00
0.00
0.00
0.00
0.00
5.00
0.00
7.69
0.00
0.00
0.00
0.00
0.00
0.00
7.14
0.00
17.65
0.00
15.38
0.00
0.00
29.17
0.00
18.18
0.00
0.00
0.00
0.00
8.33
13.33
0.00
0.00
6.67
0.00
0.00
14.29
0.00
0.00
0.00
7.14
6.67
0.00
0.00
0.00
0.00
7.14
13.33
0.00
0.00
5.56
0.00
7.14
7.14
0.00
5.26
0.00
0.00
7.69
0.00
7.14
10.00
0.00
0.00
0.00
0.00
12.50
0.00
10.53
0.00
0.00
7.69
7.69
7.14
0.00
0.00
6.67
6.25
0.00
0.00
0.00
0.00
0.00
20.00
0.00
8.70
0.00
0.00
0.00
0.00
18.18
0.00
0.00
0.00
33.33
0.00
12.50
8.33
20.00
4.76
15.38
0.00
0.00
0.00
0.00
0.00
0.00
0.00
11.11
0.00
0.00
0.00
0.00
0.00
5.56
0.00
0.00
0.00
0.00
10.00
0.00
33.33
0.00
0.00
5.88
0.00
18.18
8.33
0.00
21.43
0.00
0.00
0.00
0.00
0.00
7.69
0.00
0.00
0.00
0.00
15.38
0.00
0.00
0.00
0.00
0.00
0.00
7.69
0.00
20.00
0.00
0.00
0.00
0.00
0.00
10.00
16.67
5.56
0.00
6.67
0.00
5.00
0.00
0.00
0.00
0.00
25.00
0.00
25.00
0.00
0.00
0.00
0.00
0.00
15.38
15.00
0.00
7.14
0.00
10.00
6.67
16.67
0.00
5.00
0.00
0.00
0.00
0.00
0.00
0.00
0.00
0.00
53.85
7.14
0.00
18.75
0.00
0.00
13.33
0.00
0.00
7.14
0.00
0.00
0.00
8.33
0.00
0.00
0.00
0.00
9.09
0.00
0.00
5.56
15.38
0.00
0.00
14.29
6.67
0.00
11.11
9.09
8.33
0.00
0.00
0.00
23.08
7.14
0.00
0.00
10.00
0.00
12.50
0.00
0.00
37.50
12.50
0.00
0.00
9.09
25.00
8.33
0.00
13.33
12.50
0.00
0.00
0.00
0.00
0.00
0.00
0.00
0.00
0.00
7.69
15.38
7.69
0.00
0.00
9.09
4.76
17.65
0.00
6.25
7.14
7.14
0.00
0.00
13.33
0.00
6.67
7.69
0.00
0.00
0.00
0.00
0.00
6.67
14.29
14.29
6.67
0.00
0.00
13.33
0.00
0.00
43.75
10.53
0.00
0.00
9.09
22.22
0.00
20.00
0.00
0.00
5.26
0.00
0.00
15.38
0.00
0.00
0.00
0.00
8.33
0.00
0.00
0.00
5.88
0.00
6.25
20.00
70.00
10.53
0.00
0.00
9.09
7.14
0.00
0.00
0.00
16.67
0.00
0.00
0.00
0.00
0.00
0.00
0.00
12.50
0.00
0.00
0.00
0.00
6.25
12.50
18.18
0.00
0.00
20.00
8.33
0.00
0.00
0.00
0.00
14.29
0.00
0.00
16.67
14.29
11.11
10.00
27.27
0.00
20.00
0.00
0.00
0.00
7.14
0.00
0.00
0.00
23.08
12.50
0.00
0.00
0.00
12.50
0.00
0.00
0.00
0.00
0.00
0.00
16.67
0.00
0.00
27.27
0.00
0.00
6.25
0.00
0.00
0.00
0.00
0.00
0.00
0.00
25.00
0.00
0.00
30.00
35.71
12.50
0.00
35.00
0.00
0.00
0.00
20.00
0.00
0.00
0.00
0.00
0.00
0.00
7.69
0.00
25.00
0.00
18.18
18.18
22.22
0.00
12.50
7.14
0.00
0.00
0.00
0.00
13.33
0.00
6.67
0.00
0.00
18.18
0.00
0.00
0.00
11.11
0.00
0.00
14.29
0.00
0.00
0.00
0.00
9.09
7.14
18.18
0.00
0.00
10.00
18.18
0.00
0.00
0.00
0.00
0.00
7.69
12.50
0.00
16.67
0.00
9.09
0.00
0.00
0.00
11.76
0.00
0.00
0.00
12.50
18.18
0.00
0.00
25.00
9.09
6.67
0.00
0.00
0.00
13.33
0.00
0.00
0.00
0.00
0.00
0.00
18.18
7.14
36.36
0.00
22.22
0.00
18.18
12.50
9.09
0.00
0.00
5.88
6.25
0.00
0.00
0.00
0.00
9.09
0.00
7.14
0.00
22.22
0.00
15.38
0.00
0.00
37.50
0.00
12.50
0.00
0.00
0.00
0.00
28.57
10.00
0.00
8.33
7.14
11.76
0.00
0.00
22.22
0.00
0.00
0.00
0.00
18.75
0.00
20.00
14.29
0.00
0.00
0.00
13.33
0.00
0.00
0.00
20.00
28.57
0.00
0.00
0.00
18.18
0.00
0.00
0.00
0.00
57.14
0.00
18.18
0.00
0.00
0.00
0.00
13.33
0.00
0.00
0.00
0.00
0.00
0.00
0.00
9.09
0.00
11.11
0.00
0.00
23.08
0.00
0.00
0.00
0.00
4.76
0.00
0.00
0.00
0.00
0.00
0.00
0.00
0.00
0.00
0.00
7.69
0.00
27.27
0.00
0.00
0.00
0.00
0.00
0.00
14.29
0.00
11.11
0.00
0.00
0.00
0.00
10.00
0.00
10.00
10.00
16.67
0.00
0.00
7.69
14.29
9.09
14.29
0.00
0.00
0.00
0.00
0.00
20.00
0.00
0.00
18.18
0.00
10.00
0.00
55.56
14.29
0.00
0.00
10.00
0.00
0.00
0.00
16.67
0.00
0.00
0.00
33.33
8.33
0.00
0.00
0.00
11.11
0.00
0.00
0.00
16.67
0.00
0.00
0.00
0.00
0.00
0.00
0.00
0.00
0.00
0.00
0.00
27.27
0.00
16.67
0.00
10.00
0.00
0.00
0.00
0.00
14.29
0.00
0.00
0.00
9.09
33.33
0.00
0.00
0.00
28.57
0.00
0.00
0.00
0.00
20.00
0.00
21.43
18.75
0.00
0.00
11.11
0.00
0.00
0.00
0.00
0.00
18.18
0.00
7.69
0.00
0.00
25.00
0.00
21.05
28.57
0.00
0.00
11.11
25.00
8.33
0.00
0.00
40.00
0.00
0.00
0.00
0.00
10.00
0.00
10.00
0.00
27.27
25.00
0.00
13.33
12.50
0.00
0.00
10.00
9.09
0.00
0.00
57.14
0.00
0.00
0.00
0.00
0.00
0.00
14.29
0.00
41.67
0.00
18.18
0.00
0.00
0.00
0.00
0.00
0.00
25.00
0.00
0.00
0.00
37.50
0.00
0.00
0.00
0.00
7.14
12.50
0.00
0.00
75.00
0.00
0.00
0.00
40.00
0.00
40.00
14.29
0.00
6.67
14.29
14.29
0.00
0.00
10.00
0.00
0.00
0.00
0.00
0.00
0.00
0.00
50.00
0.00
22.22
36.36
0.00
0.00
0.00
0.00
0.00
0.00
0.00
0.00
0.00
22.22
10.00
11.11
0.00
11.11
0.00
14.29
14.29
0.00
0.00
33.33
0.00
0.00
6.67
0.00
0.00
25.00
0.00
0.00
0.00
0.00
0.00
0.00
28.57
0.00
0.00
0.00
0.00
25.00
0.00
9.09
0.00
7.14
20.00
0.00
0.00
0.00
0.00
0.00
18.18
0.00
0.00
20.00
0.00
25.00
0.00
0.00
0.00
12.50
0.00
9.09
22.22
0.00
0.00
12.50
0.00
18.18
22.22
12.50
18.18
0.00
7.69
0.00
0.00
27.27
36.36
0.00
0.00
0.00
0.00
0.00
25.00
0.00
28.57
20.00
0.00
0.00
0.00
16.67
0.00
0.00
0.00
0.00
0.00
0.00
0.00
0.00
0.00
0.00
50.00
0.00
0.00
14.29
0.00
0.00
0.00
8.33
0.00
0.00
36.36
0.00
8.33
22.22
10.00
0.00
0.00
11.11
0.00
0.00
12.50
0.00
0.00
0.00
0.00
0.00
50.00
7.14
0.00
22.22
0.00
0.00
0.00
9.09
0.00
16.67
0.00
0.00
0.00
14.29
10.00
33.33
0.00
0.00
12.50
0.00
50.00
0.00
14.29
14.29
0.00
0.00
0.00
0.00
0.00
0.00
0.00
0.00
0.00
0.00
10.00
0.00
9.09
0.00
0.00
0.00
0.00
30.00
7.69
12.50
0.00
0.00
0.00
0.00
44.44
0.00
0.00
16.67
11.11
0.00
0.00
20.00
50.00
16.67
16.67
0.00
18.18
0.00
0.00
12.50
0.00
0.00
0.00
0.00
0.00
22.22
0.00
0.00
0.00
0.00
0.00
7.69
11.11
0.00
0.00
12.50
37.50
8.33
6.67
9.09
0.00
0.00
33.33
0.00
0.00
0.00
0.00
0.00
0.00
0.00
33.33
50.00
0.00
0.00
0.00
0.00
0.00
0.00
0.00
0.00
0.00
12.50
0.00
0.00
0.00
14.29
0.00
0.00
10.00
0.00
0.00
37.50
0.00
0.00
0.00
0.00
60.00
25.00
0.00
0.00
7.69
0.00
0.00
0.00
0.00
0.00
0.00
25.00
0.00
0.00
0.00
0.00
0.00
20.00
0.00
16.67
0.00
0.00
0.00
0.00
0.00
14.29
7.14
0.00
0.00
0.00
0.00
0.00
0.00
0.00
0.00
0.00
0.00
0.00
0.00
0.00
0.00
25.00
16.67
0.00
0.00
0.00
0.00
25.00
0.00
14.29
0.00
0.00
0.00
75.00
0.00
6.67
16.67
0.00
11.11
11.11
20.00
0.00
50.00
0.00
0.00
20.00
0.00
0.00
0.00
0.00
50.00
0.00
0.00
0.00
0.00
14.29
0.00
28.57
0.00
0.00
22.22
16.67
0.00
0.00
0.00
10.00
50.00
0.00
0.00
33.33
37.50
0.00
0.00
25.00
14.29
0.00
20.00
12.50
0.00
0.00
0.00
8.33
14.29
0.00
0.00
0.00
14.29
0.00
0.00
11.11
14.29
0.00
0.00
0.00
0.00
0.00
0.00
0.00
0.00
0.00
12.50
16.67
0.00
0.00
0.00
22.22
0.00
0.00
0.00
0.00
20.00
25.00
0.00
11.11
0.00
0.00
0.00
12.50
50.00
100.00
0.00
0.00
0.00
0.00
0.00
0.00
0.00
0.00
0.00
16.67
16.67
0.00
44.44
0.00
22.22
0.00
0.00
20.00
0.00
0.00
0.00
0.00
0.00
0.00
0.00
0.00
0.00
0.00
0.00
28.57
10.00
0.00
0.00
0.00
11.11
0.00
12.50
0.00
12.50
20.00
0.00
0.00
0.00
28.57
0.00
0.00
0.00
0.00
0.00
0.00
0.00
0.00
0.00
0.00
42.86
0.00
0.00
0.00
0.00
0.00
75.00
0.00
28.57
0.00
0.00
33.33
12.50
0.00
33.33
12.50
0.00
0.00
0.00
0.00
0.00
0.00
11.11
40.00
0.00
0.00
0.00
0.00
0.00
0.00
0.00
0.00
0.00
0.00
33.33
0.00
20.00
66.67
0.00
0.00
14.29
0.00
0.00
0.00
0.00
0.00
0.00
0.00
0.00
30.00
0.00
0.00
0.00
25.00
14.29
0.00
0.00
0.00
0.00
0.00
9.09
0.00
0.00
11.11
0.00
0.00
0.00
28.57
66.67
0.00
25.00
44.44
0.00
33.33
0.00
0.00
0.00
14.29
0.00
0.00
0.00
0.00
0.00
0.00
0.00
44.44
0.00
0.00
0.00
14.29
0.00
14.29
0.00
0.00
0.00
0.00
0.00
0.00
12.50
12.50
0.00
0.00
0.00
16.67
33.33
0.00
16.67
0.00
33.33
0.00
0.00
0.00
0.00
0.00
16.67
0.00
0.00
33.33
0.00
0.00
10.00
0.00
0.00
11.11
0.00
0.00
0.00
0.00
12.50
0.00
0.00
0.00
0.00
37.50
0.00
0.00
0.00
16.67
0.00
100.00
16.67
0.00
0.00
20.00
28.57
0.00
0.00
0.00
45.45
40.00
16.67
0.00
0.00
0.00
0.00
0.00
0.00
28.57
0.00
0.00
0.00
0.00
0.00
0.00
33.33
0.00
0.00
0.00
0.00
0.00
0.00
0.00
0.00
0.00
0.00
80.00
0.00
0.00
33.33
50.00
0.00
0.00
0.00
0.00
0.00
0.00
0.00
0.00
20.00
75.00
50.00
0.00
87.50
11.11
14.29
40.00
50.00
0.00
0.00
57.14
0.00
0.00
20.00
0.00
12.50
0.00
0.00
0.00
12.50
0.00
0.00
0.00
0.00
0.00
50.00
0.00
0.00
0.00
0.00
0.00
40.00
33.33
0.00
0.00
0.00
25.00
0.00
25.00
0.00
25.00
14.29
25.00
0.00
0.00
0.00
0.00
0.00
12.50
0.00
60.00
0.00
75.00
0.00
0.00
0.00
0.00
0.00
25.00
0.00
0.00
33.33
0.00
0.00
28.57
0.00
0.00
50.00
0.00
20.00
0.00
14.29
28.57
0.00
0.00
0.00
0.00
16.67
14.29
0.00
0.00
0.00
0.00
0.00
0.00
0.00
0.00
28.57
0.00
0.00
25.00
40.00
25.00
0.00
0.00
0.00
0.00
0.00
0.00
0.00
0.00
20.00
0.00
20.00
0.00
0.00
0.00
0.00
0.00
0.00
50.00
0.00
0.00
0.00
20.00
16.67
0.00
14.29
0.00
50.00
20.00
40.00
0.00
0.00
0.00
0.00
0.00
0.00
0.00
0.00
0.00
20.00
33.33
0.00
66.67
0.00
0.00
0.00
0.00
0.00
20.00
33.33
0.00
0.00
0.00
33.33
0.00
12.50
0.00
11.11
0.00
0.00
42.86
0.00
0.00
0.00
60.00
0.00
0.00
22.22
0.00
16.67
50.00
0.00
0.00
0.00
0.00
0.00
33.33
0.00
0.00
0.00
25.00
0.00
0.00
28.57
0.00
0.00
100.00
20.00
20.00
0.00
25.00
0.00
25.00
28.57
0.00
0.00
0.00
0.00
28.57
0.00
0.00
0.00
33.33
25.00
0.00
50.00
14.29
0.00
33.33
0.00
0.00
0.00
0.00
0.00
10.00
22.22
0.00
16.67
0.00
20.00
16.67
20.00
0.00
0.00
0.00
0.00
0.00
0.00
0.00
0.00
0.00
33.33
0.00
0.00
20.00
80.00
100.00
25.00
0.00
0.00
0.00
0.00
0.00
0.00
0.00
0.00
0.00
0.00
50.00
0.00
0.00
0.00
0.00
50.00
0.00
16.67
40.00
33.33
0.00
166.67
0.00
0.00
0.00
0.00
0.00
16.67
50.00
0.00
66.67
0.00
0.00
0.00
0.00
0.00
0.00
0.00
0.00
0.00
20.00
0.00
0.00
0.00
0.00
20.00
0.00
0.00
0.00
0.00
0.00
100.00
0.00
0.00
0.00
50.42
7.69
28.40
29.58
2.33
12.99
35.06
