2.44
6.17
2.53
0.00
1.45
0.00
2.60
9.09
0.00
6.35
2.90
0.00
6.35
14.29
2.27
3.17
0.00
1.64
1.56
3.92
3.64
3.45
1.32
3.70
0.00
0.00
1.92
10.53
1.64
10.87
1.75
0.00
6.90
0.00
4.88
7.84
3.45
11.67
10.87
3.92
2.86
5.26
5.08
19.57
10.00
1.75
0.00
1.85
0.00
0.00
1.69
1.64
0.00
7.81
8.33
10.87
0.00
0.00
0.00
2.13
10.53
6.98
0.00
0.00
0.00
5.77
5.26
2.08
0.00
2.38
0.00
13.95
14.89
0.00
2.78
11.76
4.55
2.13
7.14
0.00
4.55
2.04
0.00
3.92
0.00
0.00
10.00
0.00
2.17
2.94
7.69
7.69
4.84
2.63
0.00
1.82
1.89
2.56
0.00
2.38
2.56
2.63
0.00
2.50
0.00
0.00
15.00
0.00
0.00
2.17
5.45
0.00
5.26
0.00
4.65
0.00
0.00
0.00
4.55
4.26
0.00
2.17
4.76
6.45
0.00
4.08
0.00
16.67
4.35
2.50
0.00
2.13
0.00
5.88
0.00
3.12
0.00
8.16
14.29
0.00
9.09
0.00
7.14
2.22
0.00
7.69
3.39
9.38
7.02
0.00
8.00
0.00
4.26
3.85
3.51
4.65
0.00
0.00
2.63
4.65
0.00
5.26
3.12
0.00
0.00
0.00
2.22
4.08
11.11
4.76
3.03
5.71
4.00
0.00
0.00
0.00
2.56
2.56
7.14
2.38
0.00
0.00
19.23
6.67
8.11
2.78
0.00
2.38
4.76
5.26
6.67
1.85
0.00
5.56
5.00
4.88
7.14
17.14
0.00
0.00
0.00
3.03
0.00
2.00
0.00
0.00
0.00
2.78
0.00
0.00
2.22
0.00
0.00
3.23
0.00
2.94
0.00
0.00
2.94
2.63
0.00
2.17
0.00
9.68
6.25
0.00
9.09
2.63
16.13
10.26
0.00
3.23
6.90
7.69
0.00
18.18
10.71
0.00
4.65
0.00
0.00
2.94
6.12
2.78
2.38
0.00
2.56
0.00
0.00
2.78
8.57
18.52
10.00
3.57
6.25
2.70
0.00
2.44
0.00
0.00
0.00
9.09
0.00
7.50
4.76
6.45
2.78
8.82
0.00
0.00
0.00
6.25
0.00
5.13
4.88
6.45
0.00
0.00
0.00
8.33
0.00
0.00
5.88
8.16
14.71
4.88
0.00
2.86
0.00
5.00
6.25
3.57
0.00
0.00
3.57
2.13
0.00
3.12
3.23
7.14
0.00
6.25
0.00
0.00
5.26
0.00
3.12
0.00
0.00
0.00
2.63
7.32
0.00
15.62
0.00
0.00
0.00
4.55
0.00
0.00
3.23
21.43
4.88
8.70
11.76
2.44
0.00
5.71
0.00
0.00
0.00
15.38
0.00
3.12
0.00
0.00
0.00
9.09
9.09
0.00
3.03
9.68
0.00
0.00
2.78
0.00
0.00
10.53
0.00
3.33
0.00
0.00
3.12
7.14
4.17
0.00
0.00
10.34
0.00
0.00
8.33
0.00
15.15
0.00
0.00
0.00
2.50
0.00
0.00
0.00
7.69
0.00
4.88
0.00
0.00
3.45
3.85
13.79
5.26
8.70
0.00
0.00
0.00
0.00
10.34
0.00
2.94
0.00
17.39
3.85
0.00
0.00
0.00
0.00
3.23
0.00
5.88
2.70
0.00
0.00
0.00
12.00
3.70
34.78
10.53
3.33
3.57
6.67
8.33
3.70
0.00
8.33
0.00
15.38
0.00
3.85
4.17
7.69
13.64
3.45
18.18
0.00
10.53
0.00
0.00
0.00
0.00
0.00
6.45
0.00
0.00
3.12
0.00
0.00
0.00
14.81
0.00
2.38
0.00
3.03
0.00
0.00
3.33
0.00
0.00
0.00
0.00
0.00
7.69
0.00
9.38
3.23
0.00
9.09
0.00
0.00
0.00
0.00
0.00
0.00
0.00
0.00
3.45
0.00
0.00
4.00
4.00
0.00
3.70
8.00
3.57
4.17
0.00
7.69
0.00
3.12
4.35
4.35
2.44
0.00
6.25
3.70
4.35
16.00
0.00
4.17
9.52
0.00
0.00
0.00
0.00
3.12
13.64
0.00
0.00
4.17
15.79
7.14
10.34
12.00
15.38
0.00
0.00
0.00
16.67
3.23
0.00
0.00
11.11
5.88
0.00
0.00
0.00
7.14
0.00
7.14
3.57
3.57
0.00
5.88
7.41
30.00
2.70
3.23
0.00
0.00
0.00
0.00
4.35
0.00
8.33
0.00
0.00
0.00
0.00
3.45
10.71
0.00
0.00
3.85
0.00
0.00
0.00
0.00
29.17
0.00
0.00
0.00
0.00
0.00
0.00
0.00
0.00
11.54
6.45
0.00
8.33
11.54
0.00
0.00
0.00
0.00
0.00
3.03
14.29
54.17
4.35
14.81
0.00
0.00
0.00
20.00
12.50
0.00
0.00
0.00
0.00
0.00
0.00
0.00
16.67
0.00
4.00
3.85
0.00
3.45
4.17
0.00
5.26
0.00
8.70
0.00
18.18
10.00
0.00
18.18
7.14
4.35
4.55
13.64
0.00
5.56
8.70
9.52
0.00
4.55
0.00
0.00
6.67
0.00
0.00
0.00
0.00
0.00
0.00
0.00
0.00
7.41
8.00
0.00
8.70
8.33
0.00
3.12
8.00
5.00
0.00
0.00
3.57
0.00
0.00
7.41
0.00
0.00
0.00
0.00
3.23
4.55
4.35
0.00
0.00
0.00
4.76
10.34
5.26
10.00
0.00
0.00
0.00
8.33
8.70
7.69
0.00
3.70
16.67
0.00
12.00
0.00
3.33
6.25
8.00
0.00
20.00
3.12
0.00
15.79
0.00
0.00
3.45
5.26
3.85
4.35
0.00
0.00
0.00
5.00
0.00
12.50
0.00
20.83
5.88
0.00
31.58
0.00
0.00
0.00
14.29
0.00
5.00
4.35
0.00
6.67
0.00
8.00
7.14
18.75
4.55
0.00
3.23
0.00
0.00
0.00
0.00
0.00
7.41
4.17
0.00
0.00
16.67
10.00
4.35
0.00
12.50
0.00
0.00
4.00
5.88
39.13
0.00
4.00
10.53
0.00
2.94
3.85
0.00
0.00
4.76
0.00
6.25
0.00
0.00
12.50
0.00
3.85
5.00
0.00
4.76
4.55
18.18
0.00
14.29
0.00
9.09
5.26
0.00
4.17
0.00
3.57
0.00
6.25
0.00
8.00
6.67
0.00
0.00
0.00
6.67
4.76
5.26
6.25
0.00
0.00
4.35
0.00
0.00
7.41
15.00
0.00
3.85
0.00
0.00
4.17
0.00
12.50
5.00
0.00
11.11
0.00
0.00
29.63
0.00
0.00
25.00
0.00
0.00
3.45
0.00
5.00
0.00
4.76
4.17
0.00
0.00
45.45
4.00
0.00
0.00
0.00
0.00
6.25
4.35
9.52
5.26
0.00
4.00
4.55
0.00
0.00
3.85
4.35
10.00
0.00
0.00
13.33
0.00
0.00
0.00
0.00
0.00
13.64
8.70
7.69
3.85
0.00
0.00
0.00
0.00
0.00
0.00
0.00
9.09
8.70
8.70
0.00
4.76
0.00
7.14
7.69
0.00
0.00
0.00
23.81
6.25
7.69
0.00
0.00
6.67
0.00
26.32
0.00
0.00
4.35
5.88
10.53
4.35
4.17
4.55
0.00
0.00
3.45
0.00
8.00
8.70
0.00
12.00
0.00
6.25
0.00
0.00
0.00
0.00
8.00
8.33
0.00
5.56
7.41
0.00
0.00
0.00
8.00
47.37
4.17
5.88
0.00
9.52
5.56
0.00
0.00
0.00
5.56
0.00
0.00
7.14
5.00
5.00
0.00
0.00
0.00
0.00
0.00
0.00
0.00
10.00
5.00
9.52
0.00
0.00
0.00
0.00
0.00
0.00
10.53
0.00
0.00
0.00
16.67
4.00
0.00
0.00
0.00
6.67
0.00
4.76
9.52
0.00
5.56
0.00
0.00
4.00
0.00
0.00
0.00
4.35
8.70
8.33
0.00
0.00
11.11
12.50
0.00
0.00
0.00
0.00
7.14
4.76
20.00
0.00
0.00
5.00
4.76
0.00
10.00
0.00
8.33
0.00
10.53
14.29
0.00
9.52
0.00
0.00
12.50
0.00
5.26
0.00
0.00
0.00
0.00
0.00
26.67
0.00
0.00
0.00
0.00
5.26
0.00
18.75
0.00
0.00
0.00
11.11
8.33
0.00
20.00
16.67
0.00
0.00
15.00
0.00
0.00
4.55
0.00
0.00
7.14
0.00
0.00
0.00
0.00
5.88
15.38
5.88
0.00
7.69
0.00
0.00
0.00
10.53
0.00
8.70
6.25
23.08
0.00
15.38
27.27
0.00
18.75
13.64
0.00
14.29
6.67
0.00
0.00
10.53
0.00
0.00
0.00
4.17
0.00
0.00
0.00
0.00
0.00
0.00
0.00
11.76
0.00
15.00
0.00
0.00
10.00
7.41
9.52
0.00
0.00
0.00
0.00
11.76
11.11
5.56
0.00
0.00
0.00
0.00
11.11
4.35
4.17
0.00
0.00
5.00
4.76
0.00
0.00
22.73
10.00
0.00
0.00
0.00
0.00
16.67
0.00
0.00
10.53
10.00
5.88
0.00
0.00
4.35
0.00
0.00
5.00
0.00
0.00
0.00
0.00
20.00
0.00
8.70
0.00
5.26
7.69
0.00
0.00
6.67
0.00
0.00
0.00
0.00
0.00
0.00
7.14
0.00
5.88
0.00
0.00
20.00
0.00
11.11
0.00
0.00
0.00
0.00
0.00
0.00
5.00
0.00
0.00
0.00
0.00
0.00
0.00
4.00
31.25
8.70
0.00
5.26
0.00
0.00
0.00
0.00
0.00
0.00
0.00
0.00
0.00
6.25
7.69
5.56
26.67
0.00
0.00
8.33
0.00
9.52
0.00
0.00
0.00
0.00
18.75
5.00
0.00
0.00
0.00
6.67
0.00
0.00
15.79
0.00
0.00
0.00
0.00
0.00
0.00
11.76
5.88
33.33
16.67
5.26
23.08
0.00
0.00
0.00
4.76
0.00
11.76
6.25
11.11
0.00
6.25
15.00
0.00
11.11
0.00
0.00
0.00
0.00
0.00
0.00
0.00
18.18
4.55
0.00
6.67
0.00
5.26
12.50
14.29
0.00
6.25
10.00
4.76
4.76
0.00
7.14
0.00
0.00
13.33
0.00
10.53
35.29
5.00
0.00
0.00
7.14
0.00
6.67
5.26
21.43
5.88
8.70
0.00
0.00
0.00
8.33
13.33
0.00
0.00
10.00
5.26
9.52
17.65
0.00
0.00
0.00
0.00
0.00
0.00
0.00
17.65
0.00
0.00
0.00
0.00
0.00
0.00
5.00
7.14
7.69
0.00
0.00
0.00
0.00
0.00
0.00
7.14
0.00
17.65
0.00
15.38
0.00
0.00
29.17
0.00
18.18
0.00
0.00
0.00
0.00
8.33
13.33
0.00
0.00
0.00
0.00
0.00
14.29
0.00
0.00
0.00
7.14
6.67
0.00
0.00
0.00
0.00
7.14
0.00
0.00
0.00
5.56
0.00
0.00
7.14
0.00
5.26
0.00
0.00
7.69
0.00
7.14
0.00
0.00
0.00
0.00
30.00
12.50
0.00
10.53
0.00
0.00
7.69
7.69
7.14
0.00
0.00
6.67
6.25
0.00
0.00
0.00
0.00
0.00
20.00
0.00
8.70
0.00
0.00
0.00
0.00
9.09
0.00
0.00
0.00
16.67
0.00
6.25
8.33
20.00
4.76
15.38
0.00
0.00
8.33
0.00
0.00
0.00
0.00
11.11
0.00
0.00
0.00
6.25
0.00
5.56
0.00
0.00
0.00
0.00
10.00
0.00
8.33
0.00
0.00
17.65
0.00
9.09
25.00
0.00
21.43
0.00
0.00
0.00
0.00
0.00
7.69
0.00
0.00
0.00
0.00
7.69
0.00
0.00
0.00
0.00
0.00
0.00
7.69
0.00
20.00
0.00
0.00
0.00
0.00
0.00
5.00
16.67
5.56
0.00
6.67
0.00
5.00
0.00
0.00
0.00
0.00
25.00
0.00
12.50
0.00
0.00
0.00
0.00
0.00
0.00
15.00
0.00
7.14
0.00
10.00
6.67
66.67
0.00
0.00
0.00
0.00
0.00
0.00
0.00
0.00
0.00
0.00
38.46
7.14
0.00
18.75
0.00
0.00
13.33
0.00
0.00
7.14
0.00
0.00
0.00
8.33
0.00
0.00
0.00
0.00
0.00
0.00
0.00
5.56
15.38
0.00
0.00
14.29
6.67
0.00
11.11
9.09
8.33
0.00
0.00
0.00
23.08
7.14
0.00
0.00
10.00
0.00
12.50
0.00
0.00
0.00
12.50
0.00
0.00
9.09
112.50
8.33
0.00
13.33
0.00
0.00
0.00
0.00
0.00
0.00
0.00
0.00
0.00
0.00
7.69
15.38
7.69
0.00
0.00
0.00
4.76
5.88
0.00
6.25
0.00
7.14
0.00
0.00
0.00
0.00
6.67
0.00
0.00
0.00
0.00
0.00
0.00
6.67
14.29
14.29
6.67
0.00
0.00
13.33
0.00
0.00
43.75
5.26
0.00
0.00
9.09
22.22
0.00
20.00
0.00
0.00
5.26
0.00
0.00
15.38
0.00
0.00
0.00
0.00
8.33
0.00
0.00
0.00
5.88
0.00
6.25
20.00
70.00
10.53
0.00
5.56
9.09
7.14
0.00
0.00
0.00
16.67
0.00
0.00
0.00
0.00
0.00
0.00
0.00
12.50
0.00
0.00
0.00
0.00
6.25
12.50
0.00
0.00
0.00
20.00
8.33
0.00
0.00
0.00
0.00
14.29
0.00
0.00
16.67
14.29
11.11
15.00
27.27
0.00
20.00
0.00
7.14
0.00
0.00
0.00
0.00
0.00
23.08
12.50
0.00
0.00
0.00
12.50
0.00
0.00
0.00
0.00
0.00
0.00
0.00
0.00
0.00
27.27
0.00
0.00
6.25
0.00
0.00
0.00
0.00
7.14
0.00
0.00
25.00
0.00
0.00
10.00
14.29
0.00
0.00
35.00
0.00
0.00
0.00
0.00
0.00
0.00
0.00
0.00
0.00
0.00
7.69
0.00
8.33
0.00
18.18
18.18
0.00
0.00
12.50
7.14
0.00
0.00
0.00
0.00
33.33
0.00
6.67
0.00
0.00
18.18
0.00
0.00
0.00
11.11
0.00
0.00
14.29
0.00
0.00
0.00
0.00
9.09
7.14
27.27
0.00
0.00
0.00
18.18
0.00
0.00
0.00
0.00
0.00
7.69
12.50
0.00
16.67
0.00
0.00
0.00
0.00
0.00
0.00
0.00
0.00
0.00
0.00
18.18
0.00
0.00
0.00
9.09
6.67
0.00
0.00
0.00
13.33
0.00
0.00
0.00
0.00
0.00
0.00
18.18
7.14
27.27
0.00
22.22
0.00
18.18
6.25
9.09
0.00
0.00
5.88
6.25
0.00
0.00
0.00
0.00
9.09
0.00
7.14
0.00
22.22
0.00
15.38
0.00
0.00
37.50
0.00
12.50
0.00
10.00
0.00
0.00
28.57
0.00
0.00
8.33
7.14
11.76
0.00
0.00
22.22
0.00
7.69
0.00
0.00
18.75
0.00
30.00
0.00
0.00
0.00
0.00
13.33
0.00
0.00
0.00
20.00
28.57
0.00
0.00
0.00
9.09
0.00
0.00
0.00
0.00
57.14
0.00
18.18
0.00
50.00
0.00
0.00
0.00
0.00
0.00
0.00
0.00
0.00
0.00
0.00
9.09
0.00
11.11
0.00
0.00
7.69
0.00
0.00
0.00
0.00
4.76
0.00
0.00
0.00
0.00
0.00
0.00
0.00
10.00
0.00
0.00
23.08
0.00
27.27
0.00
7.69
0.00
0.00
0.00
0.00
14.29
0.00
11.11
0.00
0.00
0.00
0.00
10.00
0.00
10.00
0.00
16.67
0.00
0.00
7.69
14.29
0.00
14.29
0.00
0.00
0.00
0.00
0.00
20.00
0.00
0.00
18.18
0.00
10.00
0.00
44.44
0.00
0.00
0.00
10.00
0.00
0.00
0.00
16.67
0.00
0.00
0.00
33.33
8.33
0.00
0.00
0.00
11.11
0.00
0.00
0.00
16.67
0.00
0.00
0.00
0.00
0.00
0.00
0.00
0.00
0.00
0.00
0.00
9.09
0.00
16.67
0.00
10.00
0.00
0.00
9.09
28.57
14.29
0.00
0.00
0.00
0.00
33.33
0.00
0.00
0.00
0.00
0.00
0.00
0.00
0.00
0.00
0.00
21.43
18.75
0.00
0.00
22.22
0.00
0.00
0.00
0.00
0.00
0.00
0.00
7.69
0.00
0.00
16.67
0.00
21.05
28.57
0.00
0.00
11.11
25.00
8.33
0.00
0.00
0.00
11.11
0.00
0.00
0.00
10.00
0.00
10.00
0.00
18.18
12.50
0.00
13.33
12.50
0.00
0.00
10.00
9.09
0.00
0.00
28.57
0.00
0.00
0.00
0.00
0.00
0.00
14.29
0.00
41.67
0.00
18.18
0.00
0.00
0.00
0.00
0.00
0.00
0.00
0.00
0.00
0.00
37.50
0.00
0.00
0.00
0.00
14.29
25.00
0.00
0.00
75.00
0.00
0.00
0.00
40.00
0.00
60.00
14.29
0.00
6.67
14.29
14.29
0.00
0.00
30.00
0.00
0.00
0.00
0.00
0.00
0.00
9.09
0.00
0.00
22.22
36.36
0.00
0.00
12.50
0.00
0.00
0.00
0.00
0.00
0.00
22.22
10.00
0.00
0.00
11.11
0.00
14.29
14.29
0.00
0.00
33.33
0.00
0.00
6.67
0.00
0.00
25.00
0.00
0.00
0.00
0.00
0.00
0.00
28.57
0.00
0.00
0.00
0.00
25.00
0.00
9.09
0.00
7.14
20.00
0.00
0.00
0.00
0.00
0.00
18.18
0.00
0.00
20.00
0.00
12.50
0.00
0.00
0.00
12.50
0.00
9.09
11.11
0.00
0.00
12.50
0.00
0.00
0.00
12.50
18.18
0.00
7.69
0.00
10.00
27.27
36.36
0.00
0.00
0.00
0.00
0.00
12.50
0.00
28.57
20.00
0.00
0.00
0.00
16.67
0.00
0.00
0.00
0.00
0.00
0.00
0.00
0.00
0.00
0.00
50.00
0.00
0.00
14.29
0.00
0.00
0.00
8.33
0.00
0.00
36.36
0.00
8.33
0.00
10.00
0.00
0.00
11.11
0.00
0.00
12.50
0.00
0.00
0.00
0.00
0.00
50.00
7.14
0.00
22.22
0.00
0.00
0.00
9.09
0.00
8.33
0.00
0.00
0.00
14.29
10.00
33.33
0.00
0.00
12.50
0.00
33.33
0.00
14.29
14.29
0.00
0.00
0.00
0.00
0.00
0.00
0.00
0.00
0.00
0.00
10.00
0.00
9.09
0.00
0.00
0.00
0.00
30.00
7.69
12.50
0.00
0.00
0.00
0.00
44.44
0.00
0.00
16.67
11.11
0.00
0.00
20.00
0.00
16.67
16.67
0.00
18.18
0.00
0.00
12.50
0.00
0.00
0.00
0.00
0.00
11.11
0.00
0.00
0.00
0.00
0.00
7.69
11.11
0.00
0.00
0.00
37.50
8.33
6.67
0.00
0.00
0.00
0.00
0.00
0.00
0.00
0.00
0.00
0.00
0.00
33.33
50.00
0.00
0.00
0.00
0.00
0.00
0.00
0.00
0.00
0.00
0.00
0.00
0.00
0.00
14.29
0.00
0.00
10.00
0.00
0.00
12.50
0.00
0.00
0.00
0.00
60.00
25.00
0.00
0.00
0.00
0.00
0.00
0.00
0.00
0.00
0.00
25.00
0.00
0.00
0.00
0.00
0.00
20.00
0.00
16.67
0.00
0.00
0.00
0.00
0.00
14.29
0.00
0.00
0.00
0.00
0.00
0.00
0.00
0.00
0.00
0.00
0.00
0.00
0.00
0.00
0.00
12.50
16.67
0.00
0.00
0.00
0.00
25.00
0.00
14.29
0.00
0.00
0.00
25.00
0.00
6.67
16.67
0.00
11.11
11.11
20.00
0.00
50.00
0.00
0.00
20.00
0.00
0.00
0.00
0.00
50.00
0.00
0.00
0.00
0.00
14.29
0.00
28.57
0.00
0.00
0.00
16.67
0.00
0.00
0.00
10.00
50.00
0.00
0.00
33.33
37.50
0.00
0.00
25.00
14.29
0.00
20.00
12.50
0.00
0.00
0.00
8.33
14.29
0.00
20.00
0.00
14.29
0.00
0.00
11.11
14.29
0.00
0.00
0.00
0.00
0.00
0.00
0.00
0.00
0.00
12.50
0.00
0.00
0.00
0.00
22.22
0.00
0.00
0.00
0.00
20.00
25.00
0.00
11.11
0.00
0.00
0.00
0.00
50.00
100.00
0.00
0.00
0.00
0.00
0.00
0.00
0.00
0.00
0.00
16.67
16.67
0.00
44.44
0.00
0.00
0.00
0.00
20.00
0.00
0.00
0.00
0.00
0.00
0.00
0.00
16.67
0.00
0.00
0.00
28.57
10.00
0.00
0.00
0.00
0.00
0.00
25.00
0.00
87.50
20.00
0.00
0.00
0.00
28.57
0.00
0.00
0.00
0.00
0.00
0.00
0.00
0.00
0.00
0.00
42.86
0.00
0.00
0.00
0.00
0.00
75.00
0.00
28.57
0.00
0.00
33.33
12.50
0.00
16.67
12.50
0.00
0.00
0.00
0.00
0.00
0.00
11.11
0.00
0.00
0.00
0.00
0.00
0.00
0.00
0.00
0.00
0.00
0.00
33.33
0.00
20.00
66.67
0.00
0.00
0.00
0.00
0.00
0.00
0.00
0.00
0.00
0.00
0.00
20.00
0.00
0.00
0.00
0.00
14.29
0.00
0.00
0.00
0.00
0.00
9.09
0.00
0.00
11.11
0.00
0.00
0.00
28.57
33.33
0.00
25.00
0.00
0.00
50.00
0.00
0.00
0.00
14.29
0.00
0.00
0.00
0.00
0.00
0.00
0.00
44.44
0.00
0.00
0.00
14.29
0.00
14.29
0.00
0.00
0.00
0.00
0.00
0.00
12.50
12.50
0.00
0.00
0.00
16.67
33.33
0.00
0.00
0.00
33.33
0.00
0.00
0.00
0.00
0.00
16.67
0.00
0.00
33.33
0.00
0.00
10.00
0.00
0.00
11.11
0.00
0.00
0.00
0.00
0.00
0.00
0.00
0.00
0.00
12.50
0.00
0.00
0.00
16.67
0.00
66.67
16.67
0.00
0.00
20.00
28.57
0.00
0.00
0.00
45.45
40.00
66.67
0.00
0.00
0.00
0.00
0.00
0.00
28.57
0.00
0.00
0.00
0.00
0.00
0.00
33.33
0.00
0.00
0.00
0.00
0.00
0.00
0.00
0.00
0.00
0.00
60.00
0.00
0.00
33.33
50.00
0.00
0.00
0.00
0.00
0.00
0.00
0.00
0.00
20.00
75.00
50.00
0.00
75.00
11.11
14.29
20.00
50.00
0.00
0.00
57.14
0.00
0.00
20.00
0.00
12.50
0.00
0.00
0.00
12.50
0.00
0.00
0.00
0.00
0.00
50.00
0.00
0.00
20.00
0.00
0.00
40.00
33.33
0.00
0.00
0.00
0.00
0.00
25.00
0.00
25.00
14.29
25.00
0.00
0.00
0.00
0.00
0.00
12.50
0.00
60.00
0.00
75.00
0.00
0.00
0.00
0.00
0.00
25.00
0.00
0.00
0.00
0.00
0.00
28.57
0.00
0.00
50.00
0.00
20.00
0.00
14.29
28.57
40.00
0.00
0.00
0.00
16.67
14.29
0.00
0.00
0.00
0.00
0.00
0.00
0.00
0.00
28.57
0.00
0.00
25.00
40.00
0.00
0.00
0.00
0.00
0.00
0.00
0.00
0.00
0.00
20.00
0.00
0.00
0.00
0.00
0.00
0.00
0.00
0.00
50.00
0.00
0.00
0.00
20.00
16.67
0.00
14.29
25.00
50.00
20.00
60.00
0.00
0.00
0.00
0.00
0.00
0.00
0.00
0.00
0.00
20.00
33.33
0.00
66.67
0.00
0.00
0.00
0.00
0.00
20.00
33.33
0.00
0.00
0.00
33.33
0.00
12.50
0.00
11.11
0.00
0.00
42.86
0.00
0.00
0.00
40.00
0.00
0.00
22.22
0.00
16.67
50.00
0.00
0.00
0.00
0.00
0.00
50.00
0.00
0.00
0.00
0.00
0.00
0.00
28.57
20.00
0.00
100.00
20.00
0.00
0.00
25.00
0.00
25.00
28.57
0.00
0.00
0.00
0.00
28.57
0.00
0.00
0.00
33.33
25.00
0.00
25.00
0.00
0.00
0.00
0.00
0.00
0.00
0.00
0.00
0.00
22.22
0.00
0.00
0.00
20.00
16.67
20.00
0.00
0.00
0.00
0.00
0.00
0.00
0.00
0.00
0.00
33.33
0.00
0.00
20.00
60.00
50.00
25.00
0.00
0.00
0.00
0.00
0.00
0.00
0.00
0.00
0.00
0.00
50.00
0.00
0.00
0.00
0.00
75.00
0.00
0.00
0.00
33.33
0.00
166.67
0.00
0.00
0.00
0.00
0.00
16.67
50.00
0.00
100.00
0.00
0.00
0.00
0.00
0.00
0.00
0.00
0.00
0.00
20.00
0.00
0.00
0.00
0.00
20.00
0.00
0.00
0.00
0.00
0.00
100.00
0.00
0.00
0.00
50.42
6.59
9.88
29.58
2.33
12.99
35.06
